0 75
0 112
2 74
2 146
2 170
2 324
2 453
2 530
3 327
4 430
5 33
6 124
7 459
8 121
8 984
9 64
9 430
10 423
10 985
11 49
12 71
12 273
12 421
12 460
12 988
12 1170
13 394
14 264
14 269
14 990
14 991
14 992
15 430
15 922
16 49
16 256
16 358
16 362
16 430
17 394
19 119
19 134
19 744
19 856
20 538
20 1060
22 181
22 260
22 419
22 439
22 449
22 554
23 6
23 279
23 424
24 49
24 322
25 102
25 1148
26 48
26 402
27 189
28 64
30 58
31 43
31 82
31 401
32 288
34 430
35 165
35 223
35 368
35 461
36 426
38 115
38 364
38 402
40 296
40 327
40 1000
41 290
41 317
41 361
41 452
41 460
42 203
43 71
43 273
43 421
43 460
43 988
43 1170
46 142
46 186
46 315
46 1038
46 1177
46 1178
46 1179
46 1180
47 108
48 12
48 49
48 164
48 165
48 175
48 221
48 256
48 288
48 322
48 368
48 435
48 461
48 561
49 165
49 223
49 256
49 368
50 12
50 164
50 165
50 221
50 223
50 256
50 368
50 435
50 461
52 108
54 238
57 394
58 12
58 164
58 165
58 221
58 223
58 256
58 435
58 461
60 183
60 311
60 460
60 472
61 48
61 426
62 6
62 102
62 279
63 28
64 49
64 108
64 322
64 1173
65 108
65 440
66 448
68 482
68 512
68 1055
69 430
70 346
71 244
71 459
72 430
74 164
74 460
75 185
76 358
77 108
78 34
78 108
80 117
82 43
82 401
83 48
83 88
83 248
83 402
84 242
85 361
85 423
85 460
85 472
85 985
86 144
86 515
87 165
87 461
88 150
89 440
90 358
92 164
92 223
92 461
93 49
93 164
93 165
93 256
93 288
93 322
93 358
93 430
93 452
93 528
93 635
93 1173
93 1175
94 857
95 459
96 358
97 119
97 150
97 574
97 814
99 145
100 358
100 362
101 12
101 49
101 164
101 165
101 175
101 221
101 256
101 288
101 322
101 368
101 435
101 461
101 561
102 394
103 395
103 1011
108 430
109 288
110 71
110 273
110 460
110 988
110 1170
111 150
111 364
112 73
112 459
114 317
115 858
115 1145
116 6
116 72
118 16
120 12
120 49
120 84
120 164
120 165
120 175
120 221
120 256
120 288
120 322
120 368
120 379
120 435
120 461
120 561
121 312
121 568
121 614
121 859
121 860
122 67
122 73
122 459
123 98
123 164
123 288
123 394
125 164
125 175
125 256
125 358
126 460
127 394
128 58
128 119
128 271
130 49
130 322
131 175
132 108
132 1202
133 203
133 248
133 993
134 246
135 14
135 106
135 285
135 286
136 288
137 418
138 73
138 248
138 993
138 1202
140 67
140 73
140 195
141 13
141 21
141 85
141 113
141 258
143 248
143 993
144 71
144 273
144 421
144 460
144 988
144 1170
145 12
145 256
145 435
146 49
146 322
146 423
147 119
148 12
148 164
148 165
148 221
148 223
148 256
148 435
148 461
151 361
151 423
151 460
151 472
151 985
152 272
153 73
153 459
154 430
156 460
158 427
158 988
159 435
160 49
160 256
160 322
161 927
163 327
164 185
164 189
165 185
165 186
165 360
167 426
168 549
170 164
170 246
170 288
170 394
171 288
171 435
172 206
172 225
172 240
172 358
174 48
174 288
175 49
175 256
175 288
175 322
175 430
175 1173
176 43
176 82
176 170
176 401
178 150
179 150
180 140
181 430
182 460
183 71
183 273
183 460
183 988
183 1170
184 430
185 12
185 165
185 256
185 288
185 435
188 150
188 1119
188 1138
189 67
190 150
190 738
191 164
193 32
193 51
194 48
194 394
195 165
195 435
196 482
196 512
197 124
199 857
201 49
201 322
202 358
203 459
203 1202
204 150
205 60
206 12
206 240
206 256
206 435
210 16
210 773
211 124
213 394
214 242
217 440
217 570
219 108
220 150
220 640
221 654
222 426
224 67
225 49
225 165
225 256
225 288
225 322
225 430
226 16
226 773
227 124
228 12
228 49
228 164
228 288
228 430
228 435
228 460
229 459
230 143
232 291
233 150
234 108
236 25
238 1161
239 189
240 108
242 98
242 165
242 394
242 461
243 49
243 322
244 150
245 164
247 150
250 60
251 108
251 140
251 150
251 201
251 528
251 814
252 48
252 288
253 459
254 276
255 14
255 106
255 200
255 201
255 285
255 286
255 433
255 526
257 288
257 394
259 988
260 67
260 73
261 119
261 150
261 335
261 545
262 400
262 722
262 918
264 358
265 394
266 686
268 7
268 113
268 258
268 496
268 635
268 674
268 689
269 459
270 459
271 49
271 241
271 248
271 288
271 322
271 993
271 1151
272 12
272 241
272 435
273 459
275 448
275 589
275 1153
275 1155
276 186
276 315
277 164
278 459
279 6
280 327
280 637
281 185
281 189
281 516
281 752
283 136
283 417
285 185
286 6
286 279
287 90
287 358
288 346
289 164
289 165
289 256
289 288
289 430
290 423
291 362
291 584
291 737
292 48
292 108
292 203
292 248
292 276
292 402
292 430
292 993
293 459
294 164
294 288
294 394
295 165
295 461
297 115
298 218
299 246
299 423
299 985
299 1505
299 1506
300 67
301 33
302 12
302 48
302 256
302 288
302 435
303 108
306 71
306 273
306 460
306 988
306 1170
308 426
309 73
309 459
310 71
310 273
310 460
310 988
310 1170
311 124
311 591
312 164
312 288
314 426
315 183
315 242
316 164
316 256
316 288
316 430
316 435
316 461
317 164
317 1160
319 73
321 183
321 311
322 358
324 288
325 358
327 150
329 12
329 164
329 165
329 221
329 223
329 256
329 379
329 435
329 461
330 49
330 256
330 322
330 430
332 108
332 175
332 362
332 423
332 430
333 89
334 319
335 175
335 322
335 423
337 115
337 119
338 423
339 246
340 12
340 164
340 165
340 221
340 256
340 288
340 435
340 461
341 19
341 108
343 288
343 430
344 43
344 150
345 108
346 60
346 164
346 256
346 288
346 368
347 241
347 361
347 452
347 460
348 108
349 62
349 101
350 175
351 58
352 675
354 581
355 291
356 518
356 665
356 745
357 246
358 426
359 108
361 144
361 605
361 922
362 49
363 67
363 570
364 150
365 150
366 124
367 361
367 423
367 460
367 472
367 985
368 19
368 119
368 140
368 150
368 709
369 33
370 43
370 82
371 12
371 164
372 358
373 49
373 322
374 6
374 102
374 279
374 670
375 280
375 383
376 49
376 322
377 49
377 423
378 149
378 261
379 358
380 150
381 108
381 988
382 183
382 311
382 514
383 102
384 74
384 78
388 71
388 273
388 421
388 460
388 988
388 1170
389 241
389 288
389 379
389 435
389 665
391 73
391 459
392 49
392 322
393 203
393 241
393 358
393 563
394 364
395 394
396 71
396 273
396 460
396 988
396 1170
397 246
397 256
398 358
400 12
400 241
400 435
401 408
401 1150
404 459
405 150
406 102
406 1148
407 60
408 395
409 108
410 183
410 311
411 150
412 394
413 95
413 166
415 33
418 124
419 319
420 242
420 340
420 739
421 175
422 459
423 71
423 273
423 421
423 460
423 988
423 1170
424 127
424 362
424 427
424 460
425 358
426 142
427 242
427 418
428 45
428 165
428 175
428 358
428 461
429 34
429 335
429 346
429 1006
430 278
431 49
431 108
431 322
431 430
432 48
432 88
432 108
433 108
433 183
433 276
433 311
433 817
433 922
433 1034
433 1184
433 1185
433 1186
433 1188
434 450
436 115
436 119
437 362
437 435
439 461
441 279
441 1150
442 358
443 256
444 164
444 241
444 288
444 394
445 60
446 207
446 1006
448 256
448 435
449 430
450 394
451 240
451 362
454 165
454 461
455 461
457 459
458 165
458 394
458 461
459 108
460 421
460 460
461 150
462 164
462 288
463 33
463 119
465 164
466 175
468 656
469 102
469 279
469 357
469 931
471 426
472 49
473 188
474 246
475 394
476 49
477 12
477 78
477 221
477 430
477 435
478 246
479 858
480 150
481 42
483 6
483 203
484 426
485 461
486 183
486 242
486 311
486 317
486 817
486 1034
488 186
489 858
491 150
491 1146
492 417
493 292
494 459
495 119
495 140
495 150
496 94
496 140
496 253
496 610
496 642
496 715
497 164
498 322
499 73
499 241
499 248
499 276
499 993
499 1151
500 413
502 33
502 636
503 581
504 513
504 1201
505 108
505 524
506 49
506 322
507 922
508 39
508 617
509 150
509 400
509 429
509 661
511 175
511 240
511 362
514 459
514 1503
516 150
518 426
520 49
520 322
521 98
521 394
521 545
521 569
522 115
522 119
523 71
523 273
523 421
523 460
523 988
523 1170
524 49
524 241
524 256
524 288
524 322
524 435
526 186
526 315
526 1066
528 327
528 497
528 1202
529 45
529 223
529 256
530 121
530 144
532 390
532 573
532 1181
534 49
534 322
535 108
536 123
536 1041
537 34
537 271
537 279
537 663
538 327
539 509
539 1202
540 327
541 48
541 241
541 435
542 185
543 430
544 430
545 265
546 2
546 48
546 238
546 317
546 1381
546 1382
548 279
548 357
549 430
550 241
550 248
550 276
550 452
550 993
552 48
552 276
552 394
553 183
553 242
553 317
553 402
553 418
554 94
554 115
557 459
559 459
560 119
561 48
561 94
561 288
561 394
561 588
561 669
561 681
564 49
564 60
564 164
564 165
564 223
564 256
564 288
564 322
564 430
564 435
565 261
565 527
566 49
566 322
567 164
567 165
567 256
567 288
567 430
569 49
569 256
569 288
569 322
569 394
569 430
569 583
570 423
570 430
571 189
572 418
573 238
573 290
573 317
573 362
573 402
573 460
573 625
573 657
573 742
573 1161
574 108
574 175
574 362
574 430
575 48
575 288
576 426
579 247
579 545
579 624
579 636
579 709
579 851
580 108
580 206
580 225
580 362
580 430
581 361
581 423
581 460
581 472
581 985
582 426
584 48
584 108
585 67
585 358
585 572
586 435
587 67
587 196
587 459
588 12
588 164
588 165
588 221
588 223
588 256
588 288
588 435
588 461
590 290
590 361
590 452
590 460
592 394
593 183
593 311
594 108
595 67
595 673
595 720
596 421
596 460
597 12
597 164
597 165
597 221
597 223
597 256
597 288
597 368
597 435
597 461
599 394
600 426
601 460
602 1299
603 394
606 394
607 71
607 273
607 460
607 988
607 1170
609 858
610 48
611 424
612 570
613 218
613 362
613 435
614 459
615 6
616 12
616 49
616 164
616 165
616 175
616 221
616 256
616 288
616 322
616 368
616 435
616 461
616 561
617 49
617 246
617 322
617 423
618 16
618 138
621 45
621 49
621 435
622 2
622 40
622 244
622 459
623 290
623 361
623 452
623 460
624 12
624 49
624 164
624 165
624 175
624 221
624 256
624 288
624 322
624 368
624 435
624 461
624 561
625 39
626 223
626 256
626 430
626 466
627 922
628 16
628 138
630 560
631 7
631 113
631 258
631 483
631 486
631 523
632 155
633 459
634 497
637 13
637 18
637 85
637 113
637 258
637 496
638 423
638 985
639 605
640 315
641 394
643 108
644 242
645 550
650 49
650 322
650 423
651 124
652 477
652 592
652 647
654 64
654 246
654 288
654 430
655 138
655 922
656 418
658 39
658 119
659 16
660 246
661 67
661 73
661 112
661 459
661 641
662 49
662 322
663 459
667 279
667 400
668 71
668 273
668 460
668 988
668 1170
669 64
669 164
669 430
669 922
671 49
671 322
672 71
672 273
672 460
672 988
672 1170
675 89
675 722
676 319
677 49
677 165
677 256
677 435
678 12
678 256
678 435
680 279
682 459
683 64
684 16
685 394
686 206
686 430
689 276
690 737
691 175
691 358
691 430
692 58
693 95
693 166
694 12
694 60
694 164
694 165
694 221
694 223
694 256
694 288
694 368
694 394
694 435
694 461
694 561
695 120
696 358
697 1011
698 497
700 28
702 459
703 164
703 288
704 358
707 327
132 268
340 971
405 1366
431 335
553 1264
147 576
243 1038
587 848
191 848
246 555
456 1331
368 1484
399 797
94 915
488 88
154 966
646 1428
341 792
143 53
148 397
260 1392
361 1444
698 837
54 735
150 443
694 1095
632 217
298 1095
509 1315
321 1264
701 1485
9 211
102 402
446 212
315 1449
248 227
310 1105
597 381
122 1054
698 1187
440 397
125 1325
562 1326
99 104
226 1377
119 756
686 803
407 1388
462 1095
56 407
269 1454
649 921
365 1162
251 94
122 1404
454 453
151 644
206 351
419 1398
362 864
305 330
16 227
114 762
119 1106
169 469
609 741
208 397
260 587
604 397
263 104
517 1152
572 859
228 1049
608 1270
551 736
668 1321
262 633
272 1321
363 685
170 1044
509 510
261 408
605 218
701 680
37 1454
417 921
11 233
407 233
659 454
375 695
318 161
72 886
698 382
476 1501
187 1398
510 331
364 536
410 881
90 1465
28 587
64 244
413 398
525 1393
408 54
372 397
626 1445
275 464
426 633
524 1168
173 187
522 341
558 752
178 531
608 115
334 1044
313 167
50 1285
122 599
34 752
485 1213
578 1404
552 183
581 921
85 1471
372 747
18 249
83 644
611 763
229 469
332 1348
392 1399
103 1296
290 1122
233 588
670 1343
324 706
97 1481
40 947
415 70
105 1342
384 757
79 121
581 1271
39 722
37 649
565 768
630 1163
346 1404
132 886
130 59
335 491
491 1004
100 1348
186 368
525 588
582 1122
673 486
282 830
678 830
347 1225
280 3
423 311
302 1482
52 1307
487 1235
573 255
526 409
578 599
335 841
588 1287
51 1082
390 1302
364 81
140 373
88 183
150 1061
103 491
194 609
345 778
391 1123
9 829
45 486
102 1020
105 537
537 948
485 758
253 1189
535 121
5 1087
347 70
445 1359
13 948
156 1256
197 1257
190 86
255 1235
630 358
408 1477
103 841
497 768
538 769
590 959
533 425
244 322
629 887
6 908
441 836
553 1077
59 542
95 199
212 784
556 1348
623 318
642 368
530 127
342 76
555 1123
144 91
493 245
641 897
362 1482
305 948
16 845
52 502
174 1431
107 209
112 553
21 1189
213 1359
361 1257
263 722
354 86
51 277
111 1082
510 599
262 1251
353 615
413 666
74 1200
509 1128
139 97
259 199
686 266
634 76
219 800
315 1262
411 970
354 436
698 1000
466 1431
404 553
409 897
130 1482
510 949
250 86
163 841
275 1082
655 549
316 1083
118 1098
66 908
61 564
457 564
157 272
522 959
214 806
649 734
704 441
313 785
26 1509
19 338
461 1437
521 1488
125 1488
63 610
607 508
419 1211
422 728
453 41
78 918
513 846
234 1431
22 986
72 349
168 811
455 87
460 431
324 1324
663 790
262 446
415 688
69 51
506 806
110 52
516 1494
160 169
662 565
266 565
230 908
220 220
326 1370
661 1094
563 559
263 267
411 165
122 62
409 92
601 262
131 1279
88 451
316 278
670 806
269 462
274 806
365 170
86 755
122 412
672 852
393 1437
85 1284
424 750
481 1284
138 164
570 575
291 1160
234 626
327 817
82 986
132 349
579 1038
285 591
319 175
482 1105
420 227
35 416
480 1032
573 1223
485 1376
232 930
631 447
230 103
8 1222
536 1341
185 360
630 976
377 530
0 580
127 355
249 1284
182 62
436 1110
431 766
152 1351
491 817
59 1160
155 868
243 1469
251 1330
673 299
277 299
339 1177
53 591
94 1346
591 1398
586 1054
240 417
615 294
396 930
0 930
578 412
182 412
146 755
247 807
104 529
489 340
582 1285
580 458
291 355
17 1284
43 253
108 1402
204 1110
189 78
4 298
451 987
45 299
441 299
446 643
162 884
602 1156
196 468
633 469
10 1244
695 1347
289 659
440 828
500 879
42 1
252 777
200 587
403 946
119 1187
559 1459
163 1459
153 771
158 1115
593 289
686 1234
366 1064
189 428
61 1182
56 838
116 889
155 63
592 818
303 715
394 79
347 233
607 1126
175 1469
591 593
560 1280
113 591
584 176
336 74
453 659
513 1464
112 366
492 587
604 828
208 828
148 23
263 535
554 1465
507 895
598 259
264 1137
546 69
510 412
704 1409
348 84
447 63
657 839
259 12
162 79
602 351
263 885
411 783
72 1317
380 1470
404 366
505 418
226 1003
216 315
255 243
470 1363
64 675
119 382
561 1481
179 1187
442 69
407 1014
519 1255
118 911
66 721
457 377
522 772
618 1234
334 1475
365 788
313 598
308 254
115 613
151 270
612 665
454 79
328 906
706 300
83 1075
609 367
387 1486
208 23
614 711
41 849
77 506
168 624
517 778
608 896
603 552
668 947
40 1378
379 844
363 311
134 1013
607 671
323 912
266 378
662 378
37 1080
123 100
229 1250
599 29
604 373
315 270
659 80
96 906
528 1317
130 490
572 835
283 732
226 198
679 1486
627 1296
28 213
372 23
155 1486
621 727
332 624
371 552
82 449
670 619
578 1030
516 152
643 1425
247 1425
638 1081
385 1389
364 512
388 906
481 1097
546 1492
479 270
673 1267
179 732
327 630
676 784
43 871
423 1092
538 850
579 851
608 91
76 230
100 624
349 1328
282 106
8 1035
435 1102
44 1446
42 619
190 517
286 979
661 102
620 101
377 343
103 1272
442 1492
473 805
96 101
590 1390
528 512
194 1390
531 29
624 220
247 270
4 1266
343 732
491 630
333 44
434 96
441 1267
647 1143
688 1144
282 456
399 1041
3 1041
144 522
682 1329
331 348
52 933
117 1328
143 297
208 1446
203 1102
239 759
643 620
263 1153
15 1051
244 1103
388 101
546 687
539 270
692 512
110 1288
103 117
442 337
160 1405
636 580
204 923
686 697
11 1282
689 214
97 302
482 113
167 1041
446 456
248 471
253 815
122 1298
693 1087
161 1226
536 349
591 56
413 1447
403 759
1 190
522 1390
460 512
214 1237
217 1508
248 821
647 338
456 770
110 133
459 1041
63 1041
216 1283
641 523
21 815
52 128
513 1277
492 400
604 641
705 1447
698 276
507 708
168 1242
166 415
202 72
699 878
607 1289
657 652
605 462
204 118
696 580
16 821
508 529
71 528
167 236
315 888
263 698
698 626
182 1298
445 180
322 1278
651 56
408 298
468 1103
158 123
373 1243
311 365
426 877
457 190
405 0
25 533
498 191
123 1068
670 1237
519 1068
556 169
644 16
368 118
461 1063
459 236
581 1165
273 1012
181 1423
260 26
265 370
325 421
359 5
137 1124
579 1469
572 298
665 1243
381 1484
663 416
699 73
40 1191
76 848
193 1433
262 72
480 1463
425 1002
282 724
631 878
347 1119
373 88
225 190
376 359
190 1135
570 1356
625 1063
281 1253
320 427
523 786
132 1130
414 62
531 647
528 1130
247 888
147 1438
95 1248
282 1074
681 591
347 1469
280 247
144 1140
426 72
87 606
670 432
239 1377
576 16
385 1202
388 719
489 771
200 668
575 545
423 905
447 1299
144 1490
426 422
82 612
137 319
259 1248
573 849
485 1002
347 314
8 848
388 1069
94 622
536 967
591 674
438 432
682 792
281 448
403 1377
494 1495
497 1012
153 1202
528 325
247 83
679 494
460 1130
54 442
155 494
704 1490
535 715
308 1490
113 1022
646 1485
300 848
21 1433
52 746
432 213
391 212
430 140
146 381
72 1398
385 397
101 638
262 1495
606 1305
14 1393
74 1444
540 685
600 736
261 1270
199 392
605 1080
295 854
407 1095
11 1095
345 217
503 803
107 803
97 115
219 1044
537 387
602 782
633 95
34 1264
60 233
414 1485
445 798
409 1141
215 1275
153 397
564 1429
650 449
462 1152
498 809
548 172
460 325
269 1511
29 1270
60 583
555 562
646 680
419 1455
326 1264
401 95
174 870
229 1331
265 988
640 111
645 455
569 1399
168 1055
460 675
228 1106
512 865
353 54
413 105
511 1394
175 1445
266 809
261 465
357 927
352 583
263 511
523 1404
122 306
70 870
526 921
572 1266
218 768
283 1163
656 213
408 111
181 886
520 1106
179 813
559 280
564 624
270 177
280 865
337 1399
118 537
558 809
670 1050
269 706
217 516
274 1050
360 70
26 948
425 465
84 172
516 583
669 825
364 943
610 218
703 409
362 116
114 14
179 1163
614 337
270 527
392 1456
82 1230
285 835
288 1106
40 1004
76 661
105 1399
477 1005
573 1467
511 589
623 830
535 983
514 106
232 1174
631 691
3 1122
230 347
326 809
376 172
37 706
190 948
133 414
188 121
224 532
341 1117
533 1287
619 307
285 1185
278 14
627 922
59 1404
434 527
439 871
38 527
126 374
535 1333
561 302
282 887
184 352
347 1282
53 835
397 1399
240 661
188 471
47 1020
0 1174
482 194
148 1072
547 1343
480 121
485 465
247 1051
364 138
491 1411
429 533
104 773
85 723
539 701
236 892
296 943
7 840
53 1185
46 14
386 836
446 887
40 199
141 251
313 1297
5 1144
339 266
495 779
89 91
443 589
252 1021
159 830
630 415
351 1000
341 312
67 1241
494 1308
442 1118
685 122
595 1360
189 672
650 1067
340 841
498 1427
343 358
59 599
212 841
155 307
243 908
652 1113
308 1303
342 133
110 564
459 1472
607 1370
113 835
154 836
302 734
114 1437
391 25
451 76
487 487
208 1072
203 728
583 195
359 1241
54 605
606 1118
702 826
447 307
662 1427
113 1185
259 256
634 133
11 908
355 718
71 959
167 667
198 734
654 785
690 442
263 1129
34 1077
466 1488
216 559
601 1124
372 1072
398 41
69 1263
499 847
179 1431
215 1088
442 313
494 503
650 262
553 329
310 1325
360 688
55 52
404 960
511 857
459 667
151 514
232 1442
667 1370
276 960
610 836
362 734
398 391
422 785
570 1437
234 1488
270 1145
208 267
325 852
213 611
132 1211
168 868
522 1366
460 488
264 576
207 42
76 1279
702 21
470 452
410 401
418 262
514 724
564 87
326 1427
701 550
376 790
11 103
123 344
558 272
310 170
96 1150
572 1079
364 406
434 1145
439 1489
527 1336
179 626
621 971
32 576
235 935
558 622
331 1397
618 673
334 914
365 227
29 278
573 930
479 514
569 407
517 217
267 42
379 283
105 1212
511 402
232 987
292 1038
297 1382
626 160
536 1398
89 709
591 1105
682 1223
346 1274
341 930
320 53
528 756
132 756
1 1239
340 1459
627 735
436 1167
587 1336
535 1146
282 700
301 750
399 1285
332 63
490 1403
423 181
433 869
483 232
591 1455
149 1110
154 1454
336 936
675 402
341 1280
523 762
547 1156
573 125
485 278
304 1398
335 711
146 812
51 952
385 828
388 345
49 879
546 931
489 397
197 777
257 828
642 1393
150 931
296 756
327 69
504 1459
447 925
108 1459
538 289
290 187
639 1095
1 84
355 1336
100 63
198 1352
339 79
151 782
161 1470
252 834
591 300
255 1105
589 227
348 1296
346 469
2 659
341 125
93 23
442 931
98 367
153 828
590 829
405 1049
460 756
59 412
95 69
214 1481
155 120
24 1357
495 942
550 649
21 1059
47 28
487 300
239 198
356 783
366 1471
77 1368
583 8
390 367
460 1106
54 418
49 74
572 1347
699 1122
642 588
637 244
19 1363
205 587
74 1070
418 880
657 896
256 552
11 721
508 773
279 1475
664 1286
690 255
315 1132
318 649
253 254
698 870
31 1373
404 423
598 666
278 1250
156 321
658 1471
539 59
656 644
348 491
470 1420
88 1126
7 198
67 249
373 1487
280 1296
22 506
452 90
405 244
467 1122
219 1020
157 142
238 1070
613 947
313 655
652 121
29 896
461 1307
60 209
511 670
120 1014
464 824
607 378
514 187
24 552
454 136
701 13
305 13
422 598
21 254
260 270
208 80
416 783
137 1368
517 835
111 147
319 850
14 214
141 1487
74 265
134 1070
227 1261
287 1312
225 434
347 1363
230 778
469 794
479 1482
620 963
229 1307
380 722
562 204
247 1132
273 101
181 512
561 733
220 440
280 491
423 799
433 1487
87 850
240 1092
178 214
558 435
391 1261
29 91
461 502
182 1087
247 1482
268 107
669 451
667 378
677 1066
388 963
611 446
286 686
327 687
676 841
41 101
421 322
476 29
137 563
345 1266
381 923
9 1317
95 337
532 1092
136 338
628 800
623 456
535 609
282 163
60 1282
667 728
3 748
440 1503
344 1041
99 1210
438 676
433 332
336 399
346 1087
284 209
103 1329
497 1256
189 1103
51 415
441 1324
491 687
90 343
145 50
587 1149
525 271
623 806
673 169
530 615
55 1288
347 908
585 322
277 169
303 1390
550 1267
488 389
266 1508
529 390
240 287
336 749
112 1041
487 918
604 1503
485 91
263 1210
304 1211
10 764
140 56
