520	1062
216	220
158	565
398	400
451	655
12	242
687	729
200	1250
599	730
383	941
1508	2528
393	1165
14	1877
750	2199
1549	2594
453	1049
2112	2459
808	1303
1253	2499
1445	1819
449	1263
564	2403
210	950
395	1289
1110	1339
1923	2583
1213	2417
223	362
699	1125
346	599
229	505
452	1067
388	1152
1769	2483
632	723
126	1144
250	1178
158	1250
999	1157
695	892
608	613
1200	1203
2123	2547
235	237
123	125
1704	2082
538	2034
89	801
109	224
383	1791
280	795
160	2537
187	239
1310	1316
19	1052
1016	2650
712	842
38	1250
101	766
968	970
407	1020
138	898
584	1171
1081	1082
469	722
347	1049
873	1199
37	1976
68	611
1555	1910
86	588
1060	1061
106	1170
2282	2634
1075	2394
337	963
604	744
767	923
1200	1202
107	1118
396	519
105	790
1504	2191
556	558
194	273
702	703
273	276
2195	2261
256	1056
32	1250
1142	1174
125	768
69	440
53	1266
983	2653
181	182
17	18
1077	2437
282	283
914	919
526	2006
2254	2512
1657	2353
533	608
216	393
450	451
563	565
1017	1965
24	1282
456	2215
1049	2175
711	868
703	836
140	1194
468	516
609	1056
528	2208
1046	2175
287	677
502	1621
628	654
987	1203
241	922
164	317
396	604
193	1277
277	1303
97	98
196	633
471	1274
722	1062
1517	2067
1098	1101
243	1025
753	755
455	1030
276	1136
483	925
503	1621
207	271
517	743
450	1114
241	2656
233	569
612	1001
860	1030
1007	1010
409	1137
222	1056
1817	2149
449	816
235	589
1009	1862
308	2567
2376	2592
132	137
1273	1276
111	1109
161	342
332	1201
596	792
273	274
1307	2121
328	330
635	661
1025	1336
652	657
17	645
203	205
481	969
585	1057
787	788
131	136
716	718
599	741
1783	2499
1001	1162
905	1706
406	1623
514	2182
537	2177
165	538
119	711
177	607
445	1256
281	854
1618	1948
1706	2056
103	1274
888	1300
1061	1172
2421	2620
469	520
1449	1648
336	1805
440	444
672	2573
318	1907
1436	2128
389	1270
1085	1119
325	645
257	569
632	721
69	1198
584	586
2078	2335
1157	2348
196	201
12	1327
1465	1486
869	1380
142	1007
158	1305
1111	1112
350	953
1542	1867
2173	2332
481	2272
12	567
1669	2438
261	1319
417	548
163	2507
1245	2291
218	360
149	459
291	312
146	1266
2361	2498
38	1048
189	279
1247	1250
1865	2384
429	1145
1942	2406
1336	2141
721	750
754	802
722	2217
635	1003
102	348
1876	2236
823	2628
958	1596
772	780
1277	1278
140	180
137	262
737	2602
136	1001
258	350
1719	2263
261	768
152	729
472	913
533	920
610	846
1140	1141
2293	2315
953	1203
695	780
1403	2166
1011	1862
484	2261
1633	1883
578	579
1473	2544
1076	1079
1687	2289
636	1105
563	2403
67	451
1009	1072
226	347
388	759
836	1682
2035	2412
1382	1416
317	1153
279	1605
654	1171
360	614
469	1264
422	650
764	1289
493	781
637	1303
209	2117
247	2049
934	1237
674	1105
249	1135
369	1107
2296	2346
373	584
1140	1144
2009	2145
274	846
771	1031
1353	1561
516	750
113	228
84	699
152	687
252	1114
1185	1240
434	950
1266	1267
672	1018
2041	2581
37	1082
696	785
195	1115
89	963
1227	2504
2393	2438
35	278
451	454
955	1318
276	711
1405	2136
364	1172
589	592
1186	1290
174	1810
494	2065
878	2476
1846	2328
217	884
364	610
56	286
386	963
187	772
409	652
942	1267
353	544
1120	1162
610	869
210	772
161	271
69	1168
135	136
1556	1613
1377	2413
1284	1285
349	1045
638	1096
691	1040
185	2589
223	1141
466	883
2426	2587
394	1198
783	1569
1595	2540
713	952
108	233
305	616
590	1075
2411	2474
2006	2582
1478	2196
149	674
1392	2556
442	604
1334	2360
474	777
9	343
592	1272
331	332
1221	1488
952	1040
627	1209
33	690
86	88
1630	1672
68	1064
474	636
1037	1790
332	395
342	1031
2226	2313
288	988
316	962
638	799
1418	2123
136	971
158	1014
471	666
178	2255
722	970
728	892
685	763
236	1125
504	548
1400	1436
1047	1048
164	760
673	1281
332	333
22	962
797	2426
621	1107
167	1080
1904	2044
1158	2603
1734	2456
1042	1054
668	1172
1077	1497
466	1150
342	567
739	741
1087	1088
1956	2656
1091	1661
17	1242
247	2022
476	705
665	2630
2432	2629
53	54
9	1097
1259	1883
538	1002
632	936
1141	1143
1402	2131
2055	2444
418	2305
34	1059
448	452
164	673
1775	2065
1214	1256
180	699
1078	2207
706	2002
1495	2578
598	699
986	1040
287	637
109	350
716	875
607	1366
217	1196
312	1350
104	440
760	761
1140	1369
348	1927
771	791
637	1199
493	1236
109	1535
818	1335
169	864
721	1178
311	2265
1337	2386
565	1048
386	1681
1963	2658
1166	1175
1394	2195
2157	2180
134	1044
1135	1144
1567	1621
598	801
529	1917
675	1681
610	1172
732	1824
388	390
1317	1321
831	2313
617	1361
317	1549
797	965
694	705
349	628
127	1080
535	545
56	2486
776	1987
125	365
23	590
82	84
621	2356
331	1763
281	1126
187	420
26	39
520	644
258	1173
362	442
1688	2013
472	663
324	1062
1428	2380
526	1112
1309	1357
322	1319
417	1107
305	306
598	2338
385	1014
123	222
897	1451
937	1278
410	889
299	2012
595	1163
651	1274
713	880
1040	1041
884	1287
536	2586
84	760
125	410
344	389
119	122
1198	1206
1062	1241
906	2252
287	1303
39	781
460	2301
722	1278
1114	1119
712	2328
32	611
179	724
71	1485
2566	2591
444	2029
304	580
1162	1319
1668	2409
417	802
167	636
344	866
686	879
342	1112
666	844
116	196
1938	1959
1539	2324
801	1194
336	639
274	275
120	857
1967	2149
415	1185
474	817
893	1653
158	162
571	1288
1408	1567
779	1493
34	148
869	1085
1868	2231
523	525
410	612
782	1569
1269	1280
729	1093
611	635
498	705
1228	1229
140	699
1830	2110
652	1333
208	1107
677	1303
1046	1047
1310	1312
740	760
604	1329
1431	1760
326	2042
1073	2207
274	371
307	2556
660	1897
360	868
358	437
93	99
108	1316
348	632
75	240
1625	2294
192	810
90	1868
21	25
591	964
216	1291
451	1046
711	920
516	632
1721	2436
839	1121
2493	2561
56	1278
200	611
302	566
364	481
1798	1947
147	2490
135	1140
223	298
471	624
439	1059
853	1097
520	521
440	551
613	897
127	1105
125	1001
1035	1046
466	493
137	897
1067	1305
892	913
669	1174
523	1195
896	1103
374	585
69	114
117	1204
514	860
1119	1202
324	953
2342	2548
646	1029
1491	2573
453	889
1181	1232
2246	2304
906	907
200	1003
193	1178
1191	1194
738	1152
374	519
1118	1119
583	1494
1786	2469
441	2572
953	2172
337	338
190	603
306	2306
199	202
327	710
72	262
236	1625
739	742
455	948
46	51
1399	1760
687	822
869	1119
65	379
1040	1043
1859	2251
1679	1709
1573	2314
623	710
988	2234
1197	1207
161	1261
420	694
136	1290
222	321
830	831
463	988
861	1115
1047	1053
949	2624
223	374
1142	1143
321	584
257	585
510	511
943	1412
1826	2551
802	2187
269	1370
84	1125
350	1264
328	1763
350	1062
552	1726
259	261
332	1210
131	666
477	1385
199	802
102	936
216	1309
196	552
302	521
1492	2586
767	845
668	1249
1077	1079
101	650
628	631
161	567
2088	2210
551	553
1469	2203
293	1257
836	2418
193	1240
37	556
138	2137
68	565
424	1201
449	1052
198	1062
2582	2607
847	1236
1053	2647
307	309
136	410
111	1001
808	1199
1279	1283
167	1237
239	434
286	1839
425	1120
28	31
68	1211
1166	1171
288	664
60	1074
1078	2437
224	258
582	1135
523	1165
526	771
329	857
587	777
818	987
781	1036
1406	2107
2608	2647
93	95
21	235
596	1268
232	1003
100	687
422	425
383	2384
298	1329
1371	1424
1918	2250
107	2314
1408	1439
515	749
1596	1947
195	1636
595	1190
1004	1097
1034	1036
307	1226
116	2445
1109	1175
102	217
497	500
686	1086
207	2614
1059	1287
176	1810
84	280
78	2203
131	1167
1485	1545
829	2628
116	633
1009	1769
1111	2419
40	283
112	334
763	1257
332	334
687	2307
47	1614
16	376
772	2537
625	1168
1556	1581
1256	1297
1196	1206
610	611
94	98
443	469
86	387
826	2427
417	2286
385	2171
319	1155
1400	1963
1143	2592
170	1925
207	1327
1489	2620
660	1141
242	271
970	1062
835	836
222	1045
2320	2463
1831	2375
1035	1119
759	1152
1138	1313
658	2434
625	1137
9	385
13	14
451	1119
119	1136
819	1014
480	1007
167	2495
795	866
451	585
73	593
851	1056
373	764
195	219
967	1000
53	546
2301	2593
1198	1894
415	691
416	937
258	937
971	1319
193	195
2186	2219
370	371
456	2574
32	1300
301	518
108	620
304	1258
412	2583
1398	2128
1195	1196
504	727
126	186
81	1009
243	2195
1218	1671
2468	2491
386	2596
208	1330
286	520
150	324
817	818
36	621
590	740
604	1035
90	346
321	1289
698	1099
276	1605
430	2484
483	1021
634	751
402	772
807	857
824	2427
369	809
1451	2067
1180	1181
250	261
840	993
108	371
1981	2161
773	774
459	664
1137	1288
760	1153
89	1868
584	1118
2299	2320
986	1185
382	705
369	727
1084	1157
508	1218
324	469
1336	1361
298	1316
787	899
443	1264
482	514
800	2035
56	953
1386	1479
1030	1295
244	1156
520	1241
482	1031
1917	2660
704	705
547	2571
2083	2086
179	336
1302	2322
673	1100
620	1061
1422	2517
347	1290
1184	1848
244	1804
190	614
657	1206
250	713
19	193
61	462
94	99
410	1049
317	1147
2114	2397
969	1329
35	424
598	1147
11	1537
383	398
768	1162
518	562
1028	1385
666	2472
396	869
739	794
1761	1834
1643	1852
2024	2067
649	882
1162	1175
1122	1125
1642	2393
197	620
884	1166
1036	2235
622	694
505	1126
443	2029
219	625
318	1282
866	1100
169	822
1715	2014
296	297
481	1035
89	590
666	868
180	760
1483	1685
336	2521
430	607
1352	2559
921	1264
158	376
921	1062
39	757
606	731
274	1141
494	1775
102	415
1007	2446
1659	1851
1441	2552
453	586
751	1173
25	238
227	572
1458	2527
1483	2252
383	458
1863	2576
1004	1067
1166	1167
588	1151
661	1083
441	1060
68	1250
2043	2614
1196	1894
185	253
1849	2175
328	608
258	2549
1241	2283
847	1318
143	879
198	286
569	744
480	481
59	1601
116	1210
1110	1258
196	1140
127	659
1354	1982
118	766
1621	2022
9	444
135	1060
1517	2659
669	1485
1593	2294
324	1180
237	2294
231	2632
55	2486
196	203
978	979
216	225
715	718
972	973
604	668
766	1135
526	1163
588	960
216	219
227	810
514	526
434	498
1027	1336
588	591
732	1128
666	1197
1681	2596
1442	1947
981	2248
276	404
49	1614
237	318
1967	2359
471	1654
666	1479
1262	1963
983	984
1450	2324
371	442
129	757
123	196
2340	2645
910	1163
81	2607
1576	2539
359	1967
1992	2049
226	1109
187	705
1175	1293
1082	1096
119	651
402	906
395	609
1153	2296
1970	2502
109	1241
2336	2368
237	494
163	624
1167	1175
1205	1206
1535	1919
270	922
812	2253
320	623
369	504
567	948
83	2366
179	325
229	1126
1269	1271
570	955
470	705
182	339
625	630
142	559
600	2377
802	1107
853	1058
705	1343
9	158
226	1049
840	1294
298	364
637	808
1378	2116
816	819
285	372
1526	1586
2000	2643
2162	2229
1130	2281
106	113
749	1030
1471	2400
1877	2069
442	1329
960	962
855	2302
705	2002
395	397
2173	2196
189	417
196	609
1001	1109
1118	1120
790	1303
300	341
252	263
194	868
469	1180
795	1281
347	365
388	391
133	135
838	1319
518	522
1169	1199
426	1214
109	818
1064	1275
1220	1221
1211	1305
1854	2189
69	465
587	988
589	759
2088	2234
63	282
330	1200
1833	2609
429	1126
382	472
158	853
362	1085
112	1320
1036	1063
16	38
629	631
1035	1037
434	694
897	2659
116	1118
350	520
586	1494
195	409
560	565
119	328
550	651
360	603
226	1293
169	474
591	1154
198	1535
193	285
218	273
1357	2113
79	1822
270	594
369	2286
148	250
416	970
2379	2501
294	2227
911	2269
150	1788
750	986
274	451
226	1143
107	552
118	327
1423	2171
148	285
614	1197
1829	2312
324	1535
1303	1663
573	646
560	1080
1512	2613
1627	2000
68	1275
659	674
559	560
480	583
1045	1171
1040	1287
1323	1330
670	1749
1197	1274
919	2088
887	1116
273	608
814	850
1030	1031
1141	1202
55	415
737	739
1001	1290
440	1043
323	1240
1043	1046
945	1199
439	443
115	134
256	851
590	1147
907	2252
452	611
889	2592
552	1056
349	1315
1362	1415
1244	1246
258	286
677	1081
1835	1980
613	810
171	1851
271	1295
910	1261
139	141
415	468
266	267
449	723
1533	1596
599	2338
364	365
1436	1846
998	1331
289	2080
394	409
866	1194
136	525
148	449
853	1003
424	764
442	744
612	2592
867	2003
162	200
952	1059
459	817
354	1068
198	224
454	1100
194	1654
398	892
1479	2472
419	997
844	868
910	948
1317	1318
207	771
801	1134
648	1099
341	616
1201	1289
252	872
969	971
181	338
1540	1686
1993	2029
898	902
801	1147
2209	2642
691	1287
2486	2553
955	1036
459	659
1021	1022
806	808
1311	1313
217	218
129	854
261	263
1165	1168
222	980
645	1500
2135	2182
1361	2122
343	1058
2312	2371
1070	1071
644	1264
407	559
53	1294
332	373
342	595
1543	2000
744	747
858	1320
376	444
1661	1871
1856	2581
235	738
256	441
1205	1319
166	765
659	823
451	610
108	362
472	2597
1895	2041
1934	2245
100	659
373	552
372	376
1527	1786
363	883
19	250
369	417
401	1258
167	169
332	1292
998	2106
323	1052
1300	1574
164	590
741	964
87	1711
551	1043
343	452
514	948
576	698
76	1026
335	1123
0	2244
796	1869
2227	2261
100	864
408	466
393	885
662	708
643	1169
666	667
537	2534
889	1293
2030	2217
476	941
120	551
376	2156
749	1163
360	608
372	449
363	408
382	434
219	1137
1905	2423
1293	2592
68	1067
967	970
635	1305
1254	2525
24	237
354	539
15	1512
1240	1287
2594	2659
298	610
103	920
634	1173
415	884
492	1046
109	469
1069	1253
1044	1045
1841	1865
988	1080
374	1046
104	625
439	816
688	690
1313	1357
1062	1278
519	1141
744	1141
744	1057
1135	1139
649	1257
255	2549
630	1186
526	1190
383	2173
1449	1566
2322	2515
1014	1058
464	466
241	1558
471	1042
586	1186
483	1301
128	2308
303	2080
1052	1240
298	1119
9	554
790	1199
234	236
584	609
355	1002
1054	1197
317	740
1362	2091
416	1203
901	1025
35	552
103	1654
142	407
550	1274
88	1133
497	1032
358	1146
219	220
242	749
1637	2038
801	1270
611	1014
1866	2605
824	1023
304	1130
899	900
1430	2638
713	2028
1500	1587
649	2464
327	582
1377	1789
474	479
1574	1739
79	2264
699	1281
38	1554
876	877
67	108
83	2607
39	363
750	952
723	966
107	110
2093	2489
123	654
1346	2651
977	2413
310	1218
1166	1177
608	1042
1134	1147
415	1166
723	1040
158	232
92	98
194	568
1061	1119
370	1007
1233	1857
1955	2295
1231	2504
764	1315
410	1175
1386	1648
156	1859
187	780
241	496
655	846
2048	2061
791	1609
628	1060
970	971
1048	1058
610	1249
2022	2102
53	1012
305	341
516	1052
196	654
555	724
337	1147
1764	1778
258	1241
1315	1357
323	713
638	1082
166	1528
1248	1250
273	568
37	1161
1015	2488
1195	1206
730	1282
21	961
1646	2377
1052	1166
286	970
349	968
532	1785
809	1304
651	654
723	1277
160	1978
773	1883
956	1604
328	550
219	440
664	823
945	2548
166	504
199	208
986	1240
123	2314
260	262
1125	1194
1048	1305
2297	2563
1042	1047
810	1206
38	888
781	1150
552	1045
107	1289
323	884
1486	2503
151	1788
469	714
219	1043
2073	2408
995	1870
1905	1935
107	1201
281	1145
1475	2579
1416	2431
955	1149
200	376
560	1237
969	970
386	1075
67	610
376	1275
722	987
1058	1211
940	2512
1107	1528
536	1331
149	433
34	1178
77	2264
376	1064
193	348
242	515
1754	2313
364	620
1336	2337
321	1045
674	934
1725	2501
596	598
659	2276
879	896
132	136
659	988
1943	2408
162	819
543	1697
888	1014
742	1155
373	667
1198	1312
336	339
1371	1791
711	1054
350	751
668	1046
632	966
32	232
1173	1175
1102	1454
373	851
101	106
560	587
571	1137
140	1281
395	1118
1613	1657
192	1121
901	903
1178	1181
1026	1027
26	854
274	2375
630	1120
105	1303
55	1287
238	1924
492	1057
23	317
186	1206
195	551
242	2656
757	1149
1838	1891
324	1241
1047	1203
252	276
182	577
1117	1121
200	1275
937	987
663	780
1114	1167
780	1779
382	867
2171	2583
1079	1668
1695	2406
1134	1194
395	1060
1553	2186
198	203
1996	2285
742	1272
141	2123
1884	2582
1926	2279
1154	1271
324	350
386	590
107	256
716	734
1071	2437
386	598
439	986
161	418
589	738
583	1084
1044	1209
645	2521
1653	1861
910	1327
554	853
223	442
729	988
1026	2433
312	1016
1695	2439
328	920
285	1196
1313	1315
634	635
746	1143
17	1066
508	1934
688	689
846	1172
216	249
614	1136
863	1121
294	484
962	1133
650	652
1245	1246
1169	1171
816	936
1080	1093
348	1627
442	1141
1136	1139
588	592
17	1181
1802	2557
365	425
1270	1272
373	1140
516	721
70	72
936	1263
385	554
250	253
374	396
1209	1437
450	920
270	1939
240	1565
857	1115
465	1115
187	402
567	910
963	1147
560	864
599	1282
1737	1989
447	696
1551	1583
1487	2214
107	1292
1106	1107
203	2475
556	1096
2212	2244
189	1528
590	1134
117	225
651	1328
319	2061
742	1860
104	120
422	1309
288	459
152	463
473	775
917	919
254	258
1100	2005
332	1763
125	630
1113	1309
2298	2348
397	889
1419	1793
609	612
162	1097
2547	2621
991	1516
916	917
2177	2534
1515	2179
974	2601
781	955
180	590
693	1159
285	1185
1087	1661
474	1689
118	1291
417	809
2134	2498
201	1018
342	771
691	1196
261	347
1054	1274
958	1029
1016	1018
482	1224
236	1281
365	453
743	745
1286	2064
16	640
622	1658
840	1901
593	2292
1049	1162
121	133
1517	1669
1395	2498
817	934
1785	1957
731	1023
137	1121
821	2095
630	1290
921	2608
13	1473
843	2314
1031	1295
683	2493
471	920
216	224
576	1066
1477	1531
375	443
1058	1083
551	1288
135	373
1094	1096
1323	2286
1169	1174
469	1278
610	1046
342	749
385	1300
338	2465
315	2061
348	1240
656	1186
656	1001
995	1532
599	964
429	781
219	329
332	349
1752	1943
1893	2609
336	555
120	1115
111	630
1338	2403
1071	1122
239	694
219	1198
1120	2592
1188	1190
131	1328
569	846
743	845
1315	2314
857	1636
166	2020
628	1140
673	740
802	2024
444	888
922	2018
2488	2517
418	567
728	2579
970	1053
843	1056
1152	1607
194	201
791	1265
281	408
538	544
1030	1163
246	1164
519	569
517	524
820	1157
590	1281
1931	2316
1761	2443
55	936
210	212
1090	1092
2121	2142
19	1166
1714	2282
112	126
761	1699
84	795
906	1483
569	869
837	947
12	161
576	2521
584	1060
601	1243
373	375
96	2261
72	1666
1167	1274
112	262
609	667
502	1408
1165	1175
830	833
129	493
1867	2606
371	744
555	639
2132	2216
1615	2099
584	1201
449	1277
129	862
1323	1528
638	856
280	699
1349	2474
434	695
2311	2455
453	1001
156	2583
152	169
1425	2609
625	1043
1003	1064
123	441
1931	2374
896	1086
441	584
859	1144
1291	1293
624	1114
2151	2202
749	1031
922	923
1004	1048
220	1663
1610	1757
234	238
996	997
1145	1318
910	1190
1452	2162
1990	2015
783	1944
593	605
73	143
274	519
12	1031
667	2472
30	2104
975	1838
724	1232
626	1170
1085	1202
372	1263
390	599
569	570
163	194
2388	2592
906	913
438	1110
637	873
623	628
694	950
382	398
100	474
389	1147
101	1309
110	1317
1351	2100
387	737
365	1205
2266	2543
163	1167
714	1180
635	1211
869	1329
1359	2112
248	1795
39	1236
823	988
253	1168
16	68
1042	2370
434	1631
729	1237
1370	1637
1668	2066
673	795
921	1180
548	754
104	110
1955	1956
112	227
261	2592
1169	1303
429	847
1402	2563
451	519
362	1046
1542	2288
1891	2081
502	2579
417	842
816	1040
1246	2291
218	2101
1027	1069
1226	2556
2432	2655
142	370
820	1007
105	112
329	1351
655	1046
316	865
1690	2643
195	196
551	552
364	1329
609	1210
258	1047
794	865
116	424
1154	1155
250	449
262	1320
584	654
334	657
441	2029
207	910
596	2377
721	952
937	953
1998	2051
396	668
569	610
103	276
1205	2592
468	1240
174	1346
685	890
2006	2079
248	2001
361	362
369	754
444	1211
1800	2513
1165	1176
588	589
302	313
924	927
252	1136
721	986
372	880
194	204
232	554
325	724
966	1178
72	572
1820	2510
892	941
140	590
572	839
514	791
450	1054
1791	2173
761	1271
1234	2308
72	839
1562	2660
1781	2579
139	779
17	576
394	440
375	377
1858	2100
1165	1172
135	1315
1400	2447
164	1100
792	793
132	185
413	428
548	2571
1451	1669
582	2299
623	766
1300	1305
521	926
1218	2026
190	550
706	1343
135	321
707	870
223	371
138	2123
217	721
1904	2421
560	822
1984	2125
883	1022
1269	1270
670	2046
1062	1180
1559	2489
1225	1325
842	1107
103	450
378	380
777	1237
322	1175
196	1056
283	1255
1008	1009
1399	1731
189	369
171	172
1059	2148
224	2101
598	673
1386	1637
324	416
1027	1539
127	167
1502	1564
281	883
644	751
208	765
476	772
233	1057
781	1022
274	1831
695	906
56	324
252	254
1059	1263
50	2130
1195	1775
104	219
968	1292
1681	1983
860	910
1451	2438
1186	1293
1095	1096
920	1311
334	810
1063	1064
1119	1120
764	2240
906	1898
78	2264
204	377
1860	1920
2078	2278
818	953
1073	1075
1074	1078
194	205
744	1035
855	856
127	729
70	1666
679	2160
120	329
1147	2327
614	624
2032	2352
1061	1062
199	619
429	505
132	394
442	1035
621	1323
195	1137
504	1304
253	625
671	2046
440	807
1256	2053
1137	1369
447	2570
676	2607
100	664
1086	2053
123	321
1393	2470
200	1083
1169	1176
119	568
504	2362
1270	1821
621	765
208	504
818	937
1378	2115
846	1329
468	1059
1970	2018
161	948
816	1683
584	764
1008	1011
163	2105
1946	2460
847	854
1805	1835
241	748
306	2663
461	1079
253	256
921	1047
372	750
1051	2232
1144	1206
553	585
1258	1633
420	728
101	102
538	540
393	710
289	2414
276	1274
2201	2563
780	906
1809	2491
53	876
1215	1251
440	1636
650	1309
136	322
161	1295
450	1197
119	126
713	1052
1176	1206
471	868
526	910
26	955
1004	1275
912	2097
1112	1339
2483	2614
1239	2372
2038	2124
741	761
102	113
1834	1963
2043	2065
320	448
258	416
1905	2625
465	1288
576	579
232	1004
148	952
740	2444
2123	2137
936	937
146	876
1549	2270
274	442
553	846
1727	1761
2268	2464
474	477
1941	2466
746	838
252	568
572	1121
364	1141
1046	1202
1152	1155
2260	2313
328	334
1064	1300
350	1203
1044	2175
817	864
1719	1936
990	2656
1523	2219
1432	1788
136	1186
1417	1454
307	311
691	723
197	396
2136	2545
1252	1589
257	261
246	535
9	1715
86	91
228	1177
122	1448
850	1365
471	614
119	608
1293	1319
189	1330
561	564
965	2036
1947	2360
894	895
584	667
108	374
3	2473
674	1237
158	1048
552	609
1404	2480
1101	1454
2068	2573
235	236
1447	2266
1334	2480
1603	2595
603	614
832	2427
514	1327
137	186
254	255
610	969
968	1140
208	417
111	971
295	1876
1275	2190
38	1064
515	2198
233	846
189	214
980	1171
604	1061
536	998
393	1291
102	1240
17	2662
818	819
68	1003
1469	2542
224	644
200	1064
601	696
468	952
274	660
169	288
362	374
759	1699
404	1167
690	1561
553	569
1246	2544
1100	1281
125	226
1461	1849
922	1259
346	761
418	515
816	1287
1204	1485
162	640
34	36
208	1323
1889	1920
1908	2075
148	1185
975	998
947	2342
1549	1872
533	2648
953	1535
583	1033
429	883
1436	1456
263	1207
2279	2309
457	681
682	2493
655	1061
393	397
1061	1329
655	1119
102	323
120	465
1936	2263
358	1103
216	1113
314	596
695	728
270	1370
702	2002
365	1109
676	1884
843	1210
610	1035
835	1682
92	94
193	966
279	765
897	1669
89	1281
1066	1099
1217	1220
131	872
1401	1635
154	527
1449	2163
167	777
424	1292
752	1650
640	1097
631	657
656	1290
269	1386
450	1404
609	1060
694	2251
1728	2445
514	567
259	1317
127	1495
1064	2396
756	1748
136	1120
694	2191
423	425
141	2137
372	374
1655	2352
1635	1981
2013	2046
222	224
34	1263
198	1264
922	2331
481	869
505	1149
270	305
214	765
746	1001
612	613
433	636
59	173
1035	1061
95	96
210	728
408	1892
593	1103
1524	2633
1576	2617
2134	2150
474	475
775	1041
362	1119
452	1305
820	821
23	454
597	759
986	1178
1752	2073
1325	1965
9	661
524	670
1035	1790
646	835
1145	1298
865	866
72	1176
433	1576
1932	2566
216	221
1562	1917
1955	2625
200	853
1114	1118
270	300
1310	1311
1398	2560
248	1214
1338	1661
833	2588
451	481
467	1176
72	859
158	888
36	38
342	2128
1818	2574
1192	1544
533	603
103	105
762	797
609	1292
126	613
198	350
1403	2014
799	1096
609	2314
276	1114
116	980
194	651
93	972
243	1394
409	1043
443	751
200	640
853	1300
1862	1921
417	712
1183	1799
449	936
1010	1769
1092	1661
373	1289
1759	1782
119	614
634	1241
1248	1249
1110	2640
285	323
89	1147
109	937
372	986
1020	1453
2040	2413
715	1164
453	838
1314	1318
1915	2052
223	610
769	770
768	889
670	1015
1609	2557
330	626
937	1624
1587	2606
60	76
35	609
181	1101
519	610
179	1066
84	1281
2208	2342
2411	2434
46	2426
1933	2235
238	600
123	628
18	1724
617	1127
1106	1130
232	640
102	1185
816	1178
242	1031
32	554
1315	1318
70	191
1165	1166
324	921
1055	1058
195	204
38	444
663	867
1702	1770
103	111
410	453
250	516
1060	1292
2024	2187
185	1636
127	817
194	328
218	276
127	823
1047	2608
623	626
1075	2437
281	1150
407	1509
1807	2464
232	1014
1462	2240
325	336
543	2168
1107	2286
920	1042
1096	1708
627	628
142	1593
571	652
286	324
89	1153
1377	2452
186	839
806	809
298	362
297	489
1659	2063
517	845
116	222
459	1093
442	2572
87	759
376	635
459	674
1219	1220
198	818
1383	2165
130	1195
634	1264
969	1057
491	2469
443	644
19	285
795	1075
370	1104
252	328
199	621
558	1709
58	774
600	965
19	1287
498	913
163	920
665	1310
966	969
288	674
189	1304
390	591
9	376
650	1135
16	565
241	1759
861	1636
1313	1321
809	842
78	975
124	259
565	1064
280	1153
224	375
948	2552
1120	1501
38	68
1494	2299
640	2424
675	1637
38	554
439	1277
281	757
216	885
335	339
1552	2597
362	655
1056	1118
1145	1833
722	921
353	354
197	492
844	846
156	412
636	640
1704	2581
1058	1097
1211	1250
371	1061
234	1924
417	619
12	1265
442	1249
187	906
23	344
694	780
337	590
439	1240
193	723
665	667
275	429
305	496
416	1264
1493	1869
502	2022
371	451
586	838
132	329
284	992
775	848
309	1228
397	838
703	1032
227	1206
404	1654
1392	1553
129	275
395	851
127	864
425	971
519	846
2096	2593
312	313
218	666
382	1444
48	1614
854	1022
362	585
1117	1139
459	1657
280	760
493	1022
21	23
506	1629
129	408
890	1248
674	822
252	450
397	1109
823	825
163	1311
273	1167
56	751
997	2256
815	2393
1075	2066
631	863
1793	2112
1556	2143
585	869
286	1535
325	648
835	2117
1998	2181
553	1329
866	1125
611	1003
35	1210
257	1057
1304	2286
648	724
651	2416
102	103
773	875
177	430
180	1153
328	360
169	1237
1113	1116
1354	1371
696	1740
385	2007
236	389
358	879
420	472
440	1115
793	795
466	955
1204	1317
424	667
1580	1965
55	1059
112	657
89	740
253	1115
429	862
1104	1755
959	1255
1048	1064
1582	1782
405	2021
887	2206
274	298
121	124
287	1199
500	956
861	1288
19	691
1778	1981
104	113
1202	1894
217	1052
252	1042
1089	1849
585	846
64	65
237	1271
1167	1168
509	512
375	1180
1699	2394
668	969
40	326
628	1171
162	1083
569	1061
249	1165
328	2246
233	481
375	1053
150	1241
744	1329
250	884
801	1652
190	872
1951	1976
347	1175
1431	1845
721	816
313	926
742	965
26	129
343	1347
162	232
239	913
270	616
1656	1709
857	858
1178	1263
505	1236
269	1106
450	614
567	1030
433	729
217	221
131	568
438	692
640	853
390	761
796	1282
281	505
818	921
345	800
402	913
103	533
161	1978
1650	2352
199	214
670	753
38	392
126	467
429	1036
223	396
661	1014
2221	2248
938	1766
844	1328
274	569
1195	1202
343	640
239	728
322	1290
227	1176
107	1060
322	1109
572	897
199	1330
751	1203
673	1075
87	738
765	802
1155	1971
218	227
402	1526
407	1157
559	999
664	817
107	441
218	844
1610	2329
318	494
996	2256
1153	1750
215	638
1048	1300
670	2238
209	871
138	2547
407	1084
135	654
242	1224
387	596
1100	1125
600	742
1193	2642
35	843
650	1333
179	182
734	875
822	1093
1749	2646
4	2473
459	636
1049	1175
761	762
791	1163
163	1654
1040	1059
843	1292
161	482
750	1240
360	920
185	652
945	2155
418	1224
91	238
257	362
1272	1407
480	559
1202	1204
356	972
235	961
34	936
826	827
1990	2028
1895	2250
851	968
948	2369
633	1060
1010	2446
0	1700
505	781
276	277
763	890
186	858
67	223
492	585
1193	1544
454	699
167	664
253	260
250	632
250	952
2188	2217
1818	2563
372	966
1525	2448
279	802
1378	1739
150	258
224	1062
348	468
752	753
190	666
125	889
1420	1836
215	1874
1178	1179
331	1351
217	880
1701	2482
150	1278
167	1105
620	1249
620	1141
196	980
509	1219
1695	1752
621	809
202	2475
332	851
2393	2545
793	2426
502	1562
1466	1643
1174	1317
89	795
897	1206
1391	1552
115	117
392	611
768	1186
1813	2560
1915	2492
620	668
56	258
259	1545
925	926
907	1483
328	1654
586	1143
2265	2567
1365	2263
63	1306
1268	1279
164	344
253	465
127	822
207	242
1603	2352
17	325
739	2010
552	553
34	285
606	1023
278	980
1628	2312
288	1237
1396	2472
101	1165
656	2592
208	712
1173	1177
1639	2336
1169	1173
106	221
459	864
670	743
363	570
107	278
484	1527
419	2054
1318	1321
775	2112
1829	2600
374	1061
966	970
507	510
364	1057
150	198
990	1906
553	1249
208	214
24	1271
474	1105
294	297
1152	1750
761	796
317	1270
1060	1064
35	116
520	1180
757	854
363	757
123	851
361	890
672	1124
947	1161
209	1255
1135	1309
563	825
145	1883
627	631
69	1115
1424	1965
371	1329
34	372
148	723
130	131
829	831
74	76
26	1126
105	808
2488	2650
695	941
1006	1921
741	1271
262	467
449	1196
72	631
741	742
673	1194
920	1531
104	807
1260	1883
1078	1497
185	857
608	844
1200	1207
572	631
454	1153
363	1298
1241	1242
90	1282
333	2246
398	402
666	1042
349	1927
34	721
312	924
493	1063
545	2604
1053	1241
104	409
317	598
89	140
472	780
389	1100
622	1866
608	1167
404	1042
87	315
1258	1260
335	2465
942	1962
418	534
232	853
1895	2597
545	894
442	1061
992	2119
46	48
320	422
37	799
1012	1013
750	884
376	640
136	333
36	279
140	317
1023	1025
2239	2297
716	717
233	371
441	764
695	913
120	185
196	204
290	752
552	1210
749	1295
1779	2561
104	551
1946	1993
149	1105
1762	2449
91	762
1204	1207
614	920
186	2589
1105	1237
342	482
280	963
227	897
946	2401
919	1747
65	2520
1100	1474
818	1173
362	371
753	1650
746	768
1040	1046
1220	2213
1190	1327
938	1966
1484	1543
1045	1201
94	532
38	1976
474	659
936	986
1018	2488
608	1311
885	1113
459	474
466	847
169	777
261	322
2362	2386
467	1121
1467	2182
659	1080
198	1047
1266	2600
2047	2177
527	530
645	724
261	1109
157	2149
2204	2241
86	737
656	838
2223	2411
1714	1741
1109	1290
768	971
229	1036
1674	1942
114	807
180	2255
2022	2049
1191	2642
1516	2219
3	4
26	429
567	860
193	2475
133	1170
1370	1648
288	822
258	818
1117	1501
9	1250
666	920
393	523
239	892
116	1060
164	236
2082	2250
198	258
946	947
383	2332
364	1046
1007	1921
18	2662
315	2048
1668	2437
1122	1191
1401	2323
501	1408
964	1154
397	1675
27	2104
659	664
825	830
1366	1980
1773	2455
102	1263
727	1304
238	1272
523	1309
581	784
402	458
512	2073
373	980
1596	2318
116	1056
609	611
971	1001
963	1075
164	795
343	376
217	816
393	395
1419	2123
1549	2048
952	1185
121	887
338	1101
32	888
1435	1529
621	2286
343	888
566	1019
568	711
494	1282
1489	2044
568	624
815	2438
1097	1300
38	158
326	911
638	1849
1905	1906
959	1032
602	1662
1630	2215
177	787
334	1144
1048	1211
1274	1276
473	1310
119	190
854	1126
1416	2218
1273	1296
474	1385
1140	1292
327	650
210	2117
68	392
976	2081
810	897
740	2070
25	797
1259	2018
162	554
782	1944
1225	1575
1078	1079
758	960
2238	2573
1906	1955
395	1056
1674	2072
288	659
2040	2081
786	1286
1884	1920
536	2534
441	980
102	105
1039	2584
802	1323
219	221
1031	1327
114	551
619	1323
2401	2433
595	1295
644	921
481	569
320	523
670	1491
372	1166
492	519
301	303
196	667
1071	1072
628	1045
1971	2551
253	394
129	570
23	598
983	2615
586	1290
217	225
866	2134
731	824
241	270
1309	1310
455	771
889	1175
1336	1539
746	2592
407	1892
135	1292
840	2636
317	344
588	590
178	182
654	1060
389	1075
1014	1083
437	1103
410	425
913	941
363	1411
847	1126
18	1102
817	1129
1228	2504
635	1048
724	1181
226	746
670	2646
148	151
446	1376
116	764
17	698
1098	1100
425	1290
1121	1144
386	673
116	2500
434	472
1785	2326
1311	1312
278	1315
281	1236
2067	2659
675	676
311	1230
1929	1974
15	16
234	792
274	620
595	1112
781	854
1115	1120
211	2117
209	283
396	481
386	454
1122	1123
105	254
1466	2247
1752	2468
801	866
140	1147
150	286
649	1248
101	320
164	2568
321	851
450	1274
659	1093
1071	1073
610	1316
273	275
107	222
180	866
386	1983
672	2238
603	1167
298	604
838	2592
993	1012
889	1049
1820	1850
552	554
1312	1321
1012	1266
319	600
1850	2510
110	117
1807	2554
285	449
1303	1305
1145	1149
795	1147
1026	2401
252	253
207	1541
56	150
1165	1177
114	861
72	810
671	1123
722	937
330	333
1259	1261
323	880
103	109
8	2214
644	2647
553	869
394	1312
434	780
659	1349
341	1259
1061	1141
275	1036
449	721
222	424
498	499
35	222
607	1238
969	1316
258	714
108	1119
1643	2181
393	394
1055	1057
1035	1316
1166	1185
504	621
841	1901
665	2472
197	1057
463	729
867	941
649	1692
791	1327
404	868
802	1330
415	1196
236	1147
79	2203
803	1992
275	1831
1859	2583
221	887
169	636
627	1314
16	1058
132	440
1168	1169
713	2533
654	667
1041	1049
758	762
108	519
60	1026
506	2652
819	888
790	808
2067	2249
134	1117
222	633
1076	1078
526	860
233	274
194	1136
285	1052
372	952
828	2228
885	1291
1497	2394
612	1120
217	439
395	1210
256	1118
1431	1731
362	744
799	856
612	1293
520	1278
161	1112
25	1283
131	252
1319	1357
116	349
599	761
201	204
430	1238
327	1351
429	466
1461	1543
587	687
497	959
83	201
227	863
781	1236
634	2608
1006	1011
691	1263
675	1875
1197	1203
711	844
362	668
494	964
796	797
444	661
236	1194
114	2500
721	1287
732	733
1539	2337
130	1775
1374	2580
498	941
750	936
791	2351
1816	2495
815	1642
11	1243
1399	2008
1175	1177
771	1265
137	810
256	628
660	661
1057	1058
70	1044
238	2294
648	1181
1942	2072
241	242
325	555
1471	2205
1943	2468
712	1528
653	1313
34	713
896	951
606	898
1139	1141
229	1149
433	664
433	934
807	1137
232	343
755	2610
1498	2193
2581	2597
689	1353
2029	2572
1167	1174
114	394
1204	1206
1842	2531
667	1118
315	597
1678	2244
187	1506
854	955
613	1590
481	1329
288	474
192	1206
276	1167
546	1012
765	1323
1792	2334
868	1042
2344	2395
34	468
550	551
722	1047
220	287
1228	1230
261	1120
397	410
38	1275
260	263
365	1290
664	864
1087	2013
791	860
224	1278
1655	2032
224	970
687	1237
467	859
467	863
631	1176
858	1144
166	417
1040	1240
111	1293
583	1157
588	758
705	941
1178	1180
809	810
655	869
713	936
69	329
9	1896
1668	2207
111	365
135	424
656	746
182	1651
325	698
1360	1571
590	1270
841	1718
835	1445
1040	1042
216	226
200	1300
1926	2614
198	416
948	1030
434	2585
1748	1776
838	1120
1869	2059
567	595
1700	2394
68	452
1563	1579
158	1003
570	1236
59	559
584	851
609	1171
644	722
119	1167
219	2101
122	126
765	842
310	508
587	674
103	868
74	1445
444	1097
1734	2416
1163	1190
527	529
686	1146
551	1312
1138	1139
1185	1277
609	968
1782	2341
394	1115
408	570
442	610
136	1143
271	860
136	1109
106	133
333	334
467	657
352	1587
1395	1733
1849	1874
1186	2592
634	722
131	1654
627	1117
248	1182
49	50
43	2505
1681	1702
1079	2207
936	1185
273	614
40	41
68	376
1528	2274
190	192
330	332
279	548
1149	1236
382	383
107	123
924	2331
1214	1297
882	1179
1076	2207
980	1060
1715	1896
102	285
514	1031
634	1278
135	1118
1036	1790
123	1201
7	2473
807	1312
333	525
1102	1474
339	1388
1198	1202
606	617
371	655
2000	2648
288	934
759	1269
264	2276
276	328
161	2318
1075	1153
109	2608
217	691
553	1316
382	402
1329	2193
613	1121
348	1263
238	592
556	799
167	687
468	1287
235	1625
329	807
1209	1212
131	868
945	946
408	1318
438	2222
249	253
206	2071
1700	2411
1263	1264
418	1327
344	1125
673	2238
149	1237
394	1636
86	1279
279	842
250	323
1424	1982
218	1114
391	1283
320	1135
239	622
327	523
1142	1485
1593	1594
280	740
1414	2192
1236	1298
326	836
505	883
593	1146
187	695
1024	1027
273	2375
196	764
1332	2358
1075	1194
1935	2319
1089	2013
1180	1278
1504	1859
470	498
721	936
570	781
9	200
556	947
1267	2600
751	1180
47	2535
34	38
643	645
412	1948
116	117
298	620
1859	1923
683	1806
324	970
1046	2370
1170	1175
332	628
474	476
1070	1668
1845	2095
576	577
625	1055
1112	1224
233	298
161	595
445	1376
238	391
398	472
162	444
533	568
282	284
327	1291
1126	1746
35	107
323	966
648	1066
56	644
739	1133
2577	2602
1209	1314
1135	1165
2059	2587
864	2295
325	639
55	966
67	298
1093	1129
148	880
802	1304
970	1173
55	691
1040	1185
669	2630
1203	1241
727	1330
396	1085
960	1279
947	2548
2214	2538
360	1311
1865	2173
857	1312
1313	1316
1132	2281
282	1306
637	677
692	1110
202	205
1600	2266
553	1061
91	742
643	1663
179	639
1196	1277
119	624
1393	1665
941	942
283	703
215	1161
2084	2150
1261	1262
1040	1178
71	72
1363	2613
329	1168
655	660
16	1211
276	568
1788	2150
2214	2623
866	1618
1690	1864
1219	1222
197	610
868	1054
237	1954
371	1249
336	1066
190	252
1056	1057
333	1293
481	1141
443	1278
1082	1083
710	1291
1175	1205
667	1292
295	296
823	1105
362	1249
389	454
164	1270
371	846
1033	2235
736	1714
90	1711
880	936
2223	2474
1828	2600
369	1330
2284	2288
1997	1999
712	1330
880	1040
1687	1847
730	2145
525	889
1188	1189
511	513
625	631
995	998
390	964
324	520
819	1683
1516	1553
169	1093
1642	2438
971	2592
571	857
550	920
703	704
702	1343
492	660
150	1053
1090	1661
390	1154
395	1315
242	514
1822	2203
241	300
666	1167
385	888
373	376
1526	2031
920	1274
620	744
656	768
262	631
285	723
551	571
1917	1981
492	1202
1924	1954
1202	1329
455	1832
55	986
1470	2185
587	864
657	1320
165	355
1123	1192
161	791
864	2343
1461	2424
402	780
1476	2488
1936	2618
383	1865
936	1287
492	604
93	98
448	1165
551	1168
382	694
550	1197
173	583
1196	1287
1043	1168
921	2132
620	1035
166	1304
59	1007
862	1150
1574	1930
89	1270
374	1141
610	613
831	2588
734	773
443	634
876	878
19	449
804	1024
89	317
956	2058
237	238
714	2533
118	582
1114	1274
280	1270
897	2249
295	2211
585	610
1192	1193
673	866
916	919
275	1063
323	449
728	906
1620	2017
1270	1407
741	1282
249	251
1123	1533
279	1107
242	1265
193	1263
373	1171
410	768
503	2102
680	931
1587	1735
172	1659
160	1189
1480	2358
1979	2319
221	1313
1388	2527
256	980
1195	1197
1033	1034
115	1044
278	279
502	1285
352	998
425	1319
1155	1607
884	1196
975	1331
653	2284
651	1114
1500	2440
2064	2562
472	2082
959	1947
102	108
335	671
207	1031
2148	2396
624	1274
987	2608
838	1049
193	952
35	2314
281	1318
2070	2602
410	630
1291	1292
119	666
288	864
444	1048
402	694
525	1120
200	1004
1060	1289
573	835
298	492
884	936
961	1152
118	1195
486	491
446	1842
891	1156
397	1175
548	621
1203	1264
931	2115
1366	1577
759	961
252	1054
185	1168
2133	2188
107	843
444	635
609	980
2228	2417
364	1061
2007	2583
225	1545
23	673
559	1007
1111	1339
1496	1527
1344	2423
396	1329
539	540
655	1202
562	565
262	2549
411	412
468	691
327	1165
39	1150
1841	1897
114	1168
609	1289
941	1412
36	712
1752	2429
219	1288
261	2549
617	1023
673	2573
163	1042
379	709
292	521
34	884
1378	1574
229	1236
762	1155
148	1277
964	965
921	2647
19	2374
643	790
1045	1140
129	883
464	954
553	1726
1087	1871
827	832
602	1693
1608	2358
139	2123
625	1198
115	331
273	651
189	1323
1315	1316
492	1141
109	258
1473	2221
1164	1698
208	621
235	315
1107	1330
857	1807
287	873
85	290
250	721
551	652
1874	2462
992	994
371	374
442	1172
567	1031
885	887
16	554
1209	1210
519	744
163	1328
285	1263
1800	2391
534	948
375	520
26	408
198	1241
438	580
1532	1870
24	390
1067	1083
504	1528
1133	2010
223	969
418	1030
317	699
2239	2563
863	1320
1624	1645
1209	1211
1438	1588
1497	2437
1256	1420
1507	2451
601	1991
23	89
494	2145
624	711
1265	1620
713	986
2091	2139
1125	1134
233	1249
197	1329
1044	1314
221	222
868	869
478	1978
428	696
2198	2232
2	6
452	640
393	422
1035	1036
217	285
657	2284
401	1130
888	2206
375	1264
278	1373
328	329
416	2608
739	1860
714	1241
911	913
9	1064
127	459
1007	1769
190	651
16	392
628	1118
970	1278
561	895
769	1413
439	952
121	125
107	116
705	728
1275	1300
375	953
504	1323
569	585
190	404
319	762
651	656
56	714
196	1210
116	584
620	655
955	1236
710	1850
973	1498
90	318
1905	2656
1906	1956
500	2108
223	224
196	1118
439	449
373	441
339	2344
631	839
557	1709
618	1824
2158	2187
1906	2214
2025	2620
56	1264
90	1154
1870	2457
102	691
112	859
757	1236
207	1163
348	350
1756	2655
239	906
242	595
698	700
1041	1047
1308	1940
660	744
730	741
851	1292
53	840
89	673
844	1197
587	817
450	711
344	760
80	83
389	1153
220	637
198	1053
749	791
851	1315
102	1059
843	1060
992	993
255	260
38	385
16	888
179	180
161	515
335	697
453	630
448	1309
40	43
68	554
697	699
2148	2178
222	764
884	1240
847	1150
619	809
104	185
35	332
2151	2172
216	222
841	2636
1135	1195
2008	2559
449	880
164	1194
416	1241
1321	1357
198	204
21	388
1443	2592
34	102
252	550
137	1206
843	968
324	722
668	2630
495	496
1339	2419
1383	1454
816	966
610	1057
1067	2352
824	831
1263	1277
140	389
922	924
694	695
487	1786
1578	1636
396	1316
235	238
177	899
274	655
633	1140
463	1697
367	1095
711	1654
2492	2531
614	844
612	1143
882	1248
108	1172
1769	1862
152	1129
323	721
603	1114
763	2240
255	1170
1986	2663
364	604
23	1270
329	334
548	712
56	416
1052	1059
2041	2082
150	375
318	2048
1121	1176
137	467
121	221
216	582
517	753
557	1656
1481	1839
73	1146
970	1535
2279	2334
611	853
230	1508
116	441
2277	2307
301	562
1925	2632
13	1519
920	1654
1670	2402
142	480
2133	2217
1151	1152
394	1137
401	2282
119	120
749	1327
163	1197
634	1062
280	337
250	1196
1160	1414
12	749
385	611
1070	1075
766	767
132	1168
387	588
1032	1753
277	677
33	1918
1179	1257
729	730
224	937
328	1054
120	195
2453	2483
440	2029
1391	2349
1372	1727
760	1281
310	2567
1439	2062
1187	1189
257	492
89	337
301	302
1559	1959
581	707
227	334
667	2314
650	1195
111	136
482	2518
1271	1272
167	729
1137	1139
1651	2255
144	535
514	771
993	994
470	780
131	651
445	1784
200	565
385	1048
553	1085
139	826
98	99
216	710
337	1270
899	1024
898	1127
193	1185
295	297
829	903
67	569
385	1004
660	1249
1137	1198
271	1112
256	321
269	1130
138	139
52	53
2290	2646
256	1060
451	744
784	870
386	1134
757	847
158	1083
68	661
670	923
214	279
248	1256
567	1265
981	982
57	875
617	898
9	819
32	853
35	135
941	1360
195	807
1065	2160
757	1150
616	922
737	2070
1401	2161
293	361
187	1641
252	533
664	1093
1279	1649
1273	2190
1297	2053
106	121
209	1933
393	1675
2414	2481
671	672
89	1125
375	818
1261	1295
865	2498
515	1327
1106	1108
1666	2017
1046	2129
591	796
657	810
804	805
360	363
1301	1932
321	1060
1182	1214
1504	2380
120	440
197	1085
645	648
332	441
224	714
846	1035
553	554
463	777
482	1261
1154	2296
520	970
520	634
449	713
1623	2330
1311	1319
2546	2578
924	926
131	1114
1405	1872
586	2299
433	823
1518	1938
1285	1562
347	746
125	1143
1575	2315
544	2201
16	661
1664	2408
342	1224
252	262
703	871
168	169
1332	2414
474	823
396	569
104	132
1370	1449
353	355
261	656
218	1311
218	1042
391	592
1098	1474
327	393
790	1663
457	2402
69	625
109	110
1073	1079
851	1210
206	1694
373	628
389	598
1317	1485
585	1046
108	112
884	1277
255	257
9	1014
392	1211
1295	1327
115	191
324	375
422	448
116	1171
1030	1261
655	1333
2477	2497
2316	2374
738	759
1511	2301
805	2499
219	1115
416	953
476	892
217	1185
1395	2151
4	380
1036	1145
1065	2396
768	1143
89	344
1468	2117
2012	2327
385	661
258	262
699	963
749	771
553	1035
517	520
1044	1117
196	202
598	1153
2137	2189
657	1176
132	133
73	879
1931	2621
731	1506
2155	2548
1816	2535
106	1116
790	945
2317	2461
189	1430
59	60
1651	1680
439	884
1462	2205
19	1418
625	629
69	857
1139	1143
117	1485
125	1120
12	207
39	129
828	1213
858	1176
868	920
237	741
730	2612
85	895
283	911
1597	1645
1036	1318
1219	1221
1837	1889
87	388
395	667
475	704
116	321
254	873
580	1130
175	1810
809	1528
109	722
1309	1318
621	1528
764	1171
816	1059
807	1115
449	966
665	775
2270	2594
1553	2219
1179	1248
1026	1336
418	1112
609	633
314	737
1822	2264
1274	2190
320	1165
523	650
768	2592
1154	1607
920	1136
2355	2560
466	467
1455	2494
118	123
125	397
105	643
173	480
374	610
68	1048
34	1052
922	925
1115	1118
963	1134
158	1058
94	95
2205	2400
960	1268
298	396
1767	2522
952	2172
827	829
362	519
1401	1562
2114	2611
611	1058
161	1265
261	425
20	25
222	2314
514	1190
1528	2286
374	375
843	1045
877	878
396	451
865	2134
498	663
48	50
392	554
2285	2371
501	502
196	278
1115	1636
942	1571
948	1261
1043	1115
123	968
344	1134
123	349
11	601
1307	1308
376	1300
1118	1140
1118	2314
137	192
341	2128
2453	2605
856	1716
66	172
163	218
290	291
1764	2323
1162	1186
2001	2053
209	836
114	329
103	328
1492	2047
333	365
677	945
818	970
166	621
107	332
125	852
526	1031
799	837
654	2284
556	856
217	936
208	1889
71	1666
458	498
225	1142
278	667
2164	2519
1263	1628
759	762
781	1318
319	592
546	2604
560	1129
1044	1048
276	844
1706	2447
336	1099
365	1049
124	125
650	654
135	667
846	1141
2304	2355
410	971
550	1114
575	649
404	844
256	261
508	1229
20	792
274	362
516	952
345	2035
843	1315
1014	1250
223	660
344	740
614	1311
186	613
1492	2177
473	1586
810	1121
102	1196
2046	2238
250	258
1202	1249
603	920
101	118
628	1056
1012	1294
677	873
1190	1224
888	889
108	969
121	1313
127	1910
775	1793
136	768
674	1772
469	953
885	1309
32	392
592	1155
261	1049
1151	1826
1646	1801
452	1211
34	723
410	1290
316	318
528	529
364	371
598	1100
1063	1150
708	709
199	504
595	791
999	1001
1072	1668
912	2487
481	1730
469	970
173	820
363	1145
347	656
103	360
536	995
256	1315
1066	2032
1251	1589
489	1527
490	491
1828	2652
750	751
519	655
1727	2478
1288	1312
738	2070
510	513
610	1119
298	744
936	1196
374	1172
319	1907
1339	1340
582	710
1510	1818
937	2647
208	1304
1505	2663
1084	1085
211	212
723	1166
468	723
526	1030
1558	2656
914	915
367	368
365	1293
366	1094
135	395
21	589
35	395
925	1301
735	1756
255	887
275	781
450	452
1136	1369
1143	1369
1191	1193
793	1280
77	2203
787	789
1505	1834
458	867
1749	2573
768	1109
223	620
1018	1124
167	463
872	1197
402	728
1137	1138
393	582
274	668
20	234
187	728
854	1149
2341	2521
357	1675
249	2549
744	1085
643	2440
236	1134
1261	1265
1537	2316
621	712
1866	2453
226	1162
102	148
1583	1638
626	887
258	520
635	1097
1959	2489
806	810
195	329
968	980
236	740
670	845
667	1060
422	1775
334	858
610	1329
1733	1791
1731	1760
331	1314
1023	1539
968	1118
223	1249
388	1280
647	2178
462	2052
1948	2583
1510	2114
611	661
100	463
691	1277
751	2608
226	1205
253	263
606	1577
481	846
1122	1124
1762	2304
605	896
159	549
239	398
803	2049
509	2598
1261	1633
876	1266
1195	1205
1216	1676
983	985
28	2566
278	628
1052	1277
799	947
807	1168
1297	2001
486	489
210	906
150	469
604	869
1100	1153
123	1056
749	1261
907	1685
1483	1898
196	395
123	395
1734	1735
2393	2594
1057	1249
226	612
817	1093
639	698
429	955
1203	2608
451	452
985	2615
351	1941
1479	2630
972	974
672	673
465	466
185	551
278	1140
673	1270
434	470
844	1654
2036	2162
399	2221
319	1272
653	655
190	868
626	1116
108	1085
113	1207
189	199
504	754
1113	1119
647	959
32	1048
79	1580
140	760
136	137
321	349
265	266
128	1355
880	884
853	1067
2481	2498
1040	1196
1312	1319
350	1241
36	189
647	911
1041	1310
60	1601
412	1923
238	1283
121	1448
1288	1636
832	2628
2252	2637
1632	2296
233	1141
279	754
842	1323
1355	2085
792	1151
274	1061
279	621
442	585
1442	1798
2168	2196
291	924
1662	2201
945	2401
1167	1171
372	1185
469	1338
757	1145
595	860
364	1119
441	443
385	452
1469	2019
1803	2089
1036	1236
471	1197
123	424
373	424
106	108
536	2047
645	1066
1900	2381
825	2427
620	1467
1093	1094
1126	1150
120	126
1739	1930
249	258
1240	2130
967	1015
1197	1654
524	1409
967	968
1873	2020
673	2068
1605	2353
1014	1275
232	635
4	7
371	492
658	2223
1229	1934
36	214
860	1797
1323	1975
1060	2396
117	1142
723	1677
1882	2604
247	1969
1644	2135
229	281
525	852
1874	2175
674	823
1118	1501
1288	1290
194	614
839	859
80	2607
32	1004
393	623
694	1859
519	668
504	809
392	1014
799	801
934	1080
365	586
162	1014
161	526
711	1311
654	1333
2134	2481
218	219
1400	1761
197	569
937	1173
782	2142
236	237
200	661
375	469
956	1088
1395	1789
476	498
977	2080
443	1047
39	493
1367	1665
890	1257
332	1171
493	883
812	814
754	1304
610	1642
109	987
1271	1821
603	1274
1547	1575
1178	1240
586	1001
476	950
788	789
1113	1121
811	813
1060	1140
287	1640
131	920
38	452
1371	1733
1213	1844
1177	1207
953	970
690	828
16	2613
572	810
1185	1263
120	394
872	1136
364	585
257	1046
1330	1599
389	699
1211	2405
712	765
2334	2476
923	926
455	910
897	1517
110	1174
723	1240
669	1317
107	667
804	1238
480	2272
534	1295
103	1311
1195	1204
948	1224
488	1527
1072	2066
385	1250
234	596
1043	2175
1890	2649
180	1100
2392	2470
358	1979
123	256
519	553
1426	2406
485	1876
363	1036
123	1292
194	450
1143	1290
111	113
1585	1770
631	1121
778	1453
1363	1512
584	2299
1855	1916
191	627
189	548
420	913
132	652
417	727
318	741
193	415
68	888
187	867
1171	1173
1145	1236
79	2275
586	630
337	598
852	1205
189	2638
825	833
570	1126
444	554
1644	2182
705	913
1196	1204
1207	1321
1199	1207
1600	2321
828	1252
2082	2581
309	310
298	655
944	2241
1594	1797
471	603
727	802
89	389
1249	1329
420	434
844	845
654	851
1247	1273
385	1305
222	654
451	1035
1322	1725
676	1889
1052	1185
750	1040
1359	1380
420	1929
795	1125
372	1178
250	1052
495	1399
1632	2216
67	233
596	758
129	229
20	960
124	669
1113	1118
455	1031
820	2095
2127	2333
197	744
866	2084
907	2637
1351	2447
657	839
611	1305
555	1181
365	525
1318	1319
88	794
1057	1061
223	481
85	752
740	1281
261	1162
196	1289
217	1166
410	1109
130	623
1784	1842
585	660
152	1105
2	7
861	863
476	728
118	122
476	479
107	1140
8	975
349	633
178	1098
842	1528
855	1716
223	227
1115	1117
76	176
1196	1201
845	1000
371	481
1943	2663
408	854
568	603
396	1675
1987	2014
1905	1955
1493	1824
261	971
1210	2314
1384	2392
135	609
84	1270
1398	2304
2180	2388
525	1290
102	193
131	135
1618	2361
764	980
827	2588
997	2526
698	701
492	2449
945	1303
348	449
336	337
218	222
517	923
1099	1100
163	868
223	257
21	315
485	1786
741	2602
1170	1172
497	911
254	256
229	854
1745	1847
764	1045
1587	2284
1136	1141
453	1319
450	872
1175	1186
868	872
865	2010
1852	1880
150	953
329	2246
1466	2051
666	668
1229	1230
839	858
765	1304
1036	1149
980	1140
1191	1192
198	937
20	23
860	1190
178	1651
420	663
681	2317
2123	2621
1519	2234
281	1298
120	409
737	1279
1891	1923
575	890
202	1978
1280	1281
197	1172
239	472
797	1155
855	946
413	601
850	1936
69	185
55	516
660	2286
285	986
149	659
492	1316
1300	1930
140	2547
69	72
1173	1535
177	804
758	792
46	1614
672	2068
952	1263
314	316
458	950
2446	2451
123	1118
223	1172
740	1100
620	1619
1016	1017
324	1203
630	656
492	969
470	772
198	324
1705	2254
84	89
424	851
1286	1867
687	777
109	150
505	1063
857	1387
690	1213
398	867
197	200
492	655
19	952
2288	2606
136	838
1488	1513
190	1197
569	604
280	801
571	807
56	921
885	1195
210	941
1093	1708
131	273
197	1046
324	2608
185	440
2195	2300
380	1646
362	969
1217	1218
595	1261
660	1119
565	1211
823	831
133	134
415	816
126	858
100	777
994	1516
720	1421
1112	1265
751	953
311	1219
1356	2451
595	1030
1109	1205
1419	1749
230	1925
443	1062
13	2221
278	552
614	1274
413	1243
945	1663
1045	1292
711	1197
568	651
224	225
713	1040
492	569
546	993
166	809
278	843
721	1040
62	1273
1058	1250
75	2232
112	137
208	1528
12	791
771	1295
363	466
1028	1034
548	1304
373	1292
529	1588
190	1654
2046	2573
179	648
288	1332
1135	1141
572	859
195	201
664	1080
200	819
101	1775
234	1625
659	817
226	410
217	220
1098	1123
442	1046
608	872
2368	2508
2310	2365
388	961
242	1295
1428	2251
862	1126
221	228
39	1145
1817	2175
1148	1777
1279	1281
678	2275
1399	2506
1752	2408
360	568
498	695
184	1647
62	1845
520	1264
2533	2567
1615	1942
169	988
644	1535
96	99
1070	1073
2341	2347
1172	1316
1356	1507
1292	1293
493	1036
140	280
468	986
510	1231
415	1178
153	431
1198	1204
2229	2482
111	226
583	586
224	1535
317	2048
68	1083
36	208
220	1303
55	439
207	1265
146	840
1093	1105
105	873
119	1054
546	840
292	1019
623	1135
59	142
111	410
409	410
493	862
129	781
1268	1270
19	884
990	1935
635	1014
1165	1309
67	1249
1660	2414
279	504
652	1198
472	694
276	1197
987	1535
592	600
126	839
190	1042
842	1887
340	2376
1366	1835
809	2286
816	1052
342	1327
257	1085
691	750
75	76
796	1271
552	1201
1370	1386
19	372
603	868
516	1178
1074	1075
167	934
1672	2374
1489	2025
243	2300
320	650
251	257
523	1409
167	433
1735	2456
1760	1962
1066	1181
314	1907
1895	1922
685	2159
410	1293
1933	2117
468	750
278	633
328	1328
2140	2429
440	442
89	1134
286	1047
572	1320
394	395
140	673
583	1104
391	600
1565	1588
24	25
1009	1921
140	337
888	1058
158	452
415	1059
1247	1249
1285	2579
1210	1315
665	666
216	1775
1598	2349
1218	2213
1443	2376
1314	1317
348	1052
410	1162
565	1275
402	695
374	1316
87	89
1351	2128
126	631
39	1063
279	712
86	1868
1314	1316
1403	1840
714	1047
739	1920
283	326
342	1295
2231	2382
317	1134
718	2548
1139	1144
220	228
397	768
218	603
395	424
1292	1315
535	894
373	377
1618	2084
218	614
623	885
1054	1057
278	654
323	415
125	1186
448	766
1886	2632
921	2285
1493	2059
1901	2650
1139	1209
253	409
798	1546
674	864
431	2585
1211	1300
989	1674
373	609
103	666
730	964
318	599
651	868
1495	1910
1721	1777
443	1535
923	967
214	1107
1258	1261
323	1178
1502	2442
119	276
1889	2582
711	1114
723	952
26	275
56	1047
1182	1256
2	5
384	704
643	873
442	1316
445	1842
223	364
1198	1200
22	865
271	1327
822	864
843	1140
128	1070
393	1309
194	1114
851	1118
23	84
937	1047
280	317
111	1162
1213	1252
298	869
417	1528
722	2608
156	1891
161	514
270	2018
540	2183
67	2386
40	836
84	389
1516	1523
2250	2581
121	1138
8	2623
671	1491
339	1805
34	55
348	1166
760	1125
106	111
534	1261
2	1756
162	888
107	633
552	851
285	1240
596	737
20	758
1074	1497
645	1099
345	346
611	819
2003	2595
503	2022
35	256
1852	2051
1349	2434
144	1164
278	1118
1540	2287
239	458
659	687
1019	2488
738	739
84	386
1646	2392
180	1147
1037	2235
842	1926
129	429
1051	1477
100	2490
119	218
637	643
41	2505
723	880
1343	2016
910	1031
238	742
47	49
1443	1450
196	1201
226	322
214	2462
1189	2537
670	2068
332	654
924	1016
700	1101
2128	2447
252	2549
29	31
1242	2521
757	955
1926	2334
107	1315
1312	1357
343	853
955	1063
777	1583
939	1254
818	1062
153	188
1926	2197
1071	1074
165	544
614	1654
1154	2551
150	970
329	1115
771	1112
2545	2594
371	1556
230	1463
439	516
325	1242
600	1272
1166	1263
193	1059
143	358
668	1479
189	621
107	395
848	1522
1732	2077
343	1211
474	988
775	1419
918	919
1152	1971
328	872
1840	2201
322	630
811	991
390	494
477	487
273	666
89	236
1004	1058
1267	2622
554	1097
1040	1052
719	1421
634	953
948	1295
118	448
311	509
550	624
1637	2163
497	498
1180	2647
446	2512
2086	2289
475	477
422	1165
193	250
221	223
2081	2134
219	224
1112	1163
31	2104
1033	1084
526	948
199	279
1137	1141
1217	1222
818	1264
299	1069
1037	1039
1173	1203
501	942
1658	2605
615	1686
1370	1939
255	256
61	1068
666	1654
480	2467
645	1482
1048	1097
329	1043
316	317
1977	2512
118	422
321	609
52	54
953	1241
1444	2591
821	1346
826	831
673	760
91	391
570	1022
654	980
1491	2046
1109	1162
372	723
1057	1172
38	819
134	1314
59	1157
376	1067
59	1033
103	651
1311	1314
180	1270
899	1238
2363	2398
659	729
699	701
374	553
115	122
382	780
555	698
1056	2314
908	1760
782	1307
398	705
764	1060
344	598
668	1329
637	640
668	1202
329	1636
162	343
2358	2414
1205	1207
380	381
1664	2245
285	952
1721	2120
68	343
180	337
644	953
239	663
1310	1321
100	674
1084	1104
19	936
397	852
650	1113
271	482
609	1201
111	1120
669	2410
126	334
19	1263
468	1338
321	1056
1480	2414
2321	2351
330	1763
1355	2308
739	2070
1838	2081
38	1305
472	892
1023	1027
39	275
1834	2658
333	889
1172	1329
667	764
239	240
101	113
218	404
273	844
609	654
1693	1754
621	1330
125	425
781	1126
588	792
64	378
625	652
1869	2426
328	533
966	986
584	1056
203	511
70	1209
817	822
176	564
891	2395
655	969
1064	1250
1994	2480
494	1154
937	1203
1083	1097
457	1670
672	1749
749	1511
754	2286
824	898
32	376
336	1388
1151	1971
463	474
943	1360
1214	2001
865	1948
491	1786
21	793
636	729
149	151
1071	1668
39	229
952	953
825	826
192	227
154	1796
319	2048
1556	2332
660	1172
861	1043
1116	1138
413	785
1695	2073
36	1107
342	515
1009	1010
792	2426
415	1052
195	198
467	1206
2504	2537
38	1003
38	343
880	1052
1398	2355
255	262
1566	1585
2090	2313
562	563
180	181
254	790
846	1046
23	24
1376	1842
651	844
103	104
441	442
859	1320
253	259
210	695
490	1786
1124	1193
469	751
388	1269
1337	2362
1087	1089
793	1869
784	1622
781	1149
780	950
417	621
131	624
93	531
515	534
231	1463
1027	2337
64	66
691	952
257	1119
318	964
199	712
960	2162
197	1061
56	1535
1003	1048
1041	2175
481	655
885	889
375	921
544	1002
35	349
209	326
56	224
364	744
608	1590
274	492
1135	1137
443	520
349	350
554	1305
492	1061
754	755
123	980
147	1956
196	349
823	827
74	646
944	1360
1745	2485
1731	2057
525	1143
257	668
361	685
294	296
589	590
1639	2368
856	1161
786	1390
630	1162
29	2104
1208	2033
194	197
473	848
223	1119
38	376
158	2330
746	1109
1089	1092
26	1318
223	1316
332	633
87	88
2177	2586
1523	1553
482	771
655	668
1345	1694
825	828
1121	1501
385	1275
1282	2145
86	87
1473	2248
575	577
193	201
102	112
2078	2102
164	386
349	843
586	1293
105	637
1218	1229
67	1141
576	648
1147	1153
936	966
1311	1316
1456	1846
1494	2576
17	179
199	809
261	262
342	1736
253	258
247	1744
111	838
305	1505
32	1097
605	951
827	902
186	631
376	1014
16	1300
102	1178
1592	2316
1022	1149
851	980
1043	1045
195	1055
371	1119
550	711
1180	1264
1493	2587
242	534
148	966
625	1288
465	857
505	847
1054	1114
324	1173
440	465
1687	2485
585	1119
633	1056
568	1167
88	1868
18	701
715	716
60	2186
2141	2216
571	572
307	308
73	686
548	765
825	1301
1203	1204
1354	1965
205	2475
910	1265
231	1324
219	222
608	711
321	667
570	1318
771	2521
219	1312
130	448
109	1203
372	516
2241	2654
987	1264
344	590
253	1137
1271	1282
35	123
435	2585
1269	1821
1120	1186
1758	1961
131	276
1003	1014
1078	2066
237	761
1764	2161
114	1043
289	1480
517	967
1449	1939
1521	2573
127	587
363	847
69	1137
1110	1112
37	1393
1126	1149
710	1195
2105	2568
396	620
719	720
817	1683
196	584
197	519
991	2119
133	1313
1024	1025
1602	2616
2284	2416
246	1744
824	829
452	1004
1290	2592
193	198
372	375
129	1318
2230	2232
1222	2026
207	1112
868	1274
452	2151
472	2041
390	796
116	373
608	614
767	1015
1258	1262
1793	2549
277	1605
839	1176
348	966
656	852
565	1014
102	952
758	1279
276	1311
760	1100
555	1242
162	611
975	976
468	721
130	422
1533	2318
336	576
382	470
329	331
484	490
1031	1265
1400	1834
1920	2055
125	333
323	2098
425	889
359	2149
1562	2579
723	936
348	1185
468	880
422	424
316	1549
1302	2515
527	528
738	742
499	1413
108	110
740	963
1751	2046
281	570
274	1202
234	387
417	504
958	1445
550	553
1695	2468
313	1019
1920	2070
1754	2297
307	2265
468	816
573	1029
1141	1144
2080	2128
1832	2523
216	2101
317	337
761	1282
828	2588
148	1432
793	1152
949	2552
24	494
591	741
793	1493
333	1001
465	571
197	205
1401	1917
1043	1047
714	1264
84	317
672	1521
105	113
1246	2039
273	624
108	846
112	1144
72	137
1126	1145
651	1042
132	1636
257	846
2169	2527
1081	1083
2155	2401
1179	1181
961	2162
597	1368
1931	2238
275	955
260	2549
970	1264
418	1914
333	630
976	1225
673	699
1509	1892
140	1100
90	730
842	1792
1076	1077
1464	2458
1173	2608
383	695
1896	2166
778	1127
1234	2459
257	553
323	1277
1533	2479
2413	2452
2259	2531
395	552
1094	1299
1502	1588
1047	2370
928	1728
444	611
402	663
625	807
526	2582
101	523
125	656
1372	2128
2150	2361
2098	2441
1053	1203
333	397
834	2230
1736	2080
711	1167
699	1153
21	1280
2249	2438
752	755
289	1660
1098	1192
1035	1085
1289	1290
143	1086
256	968
1621	2102
101	105
1241	1278
227	228
223	1057
1099	2521
59	583
1937	1951
1011	1769
501	1962
169	664
1340	2069
586	1120
1073	2394
1354	2519
636	674
271	948
516	966
1969	2049
563	925
955	1604
2250	2597
1515	2400
1822	2019
570	1036
777	1093
812	1335
440	571
568	1042
2304	2328
323	1185
195	2475
1906	2623
223	744
637	1081
533	550
504	842
1148	2120
1071	1077
611	1642
790	873
1924	2645
40	959
415	632
1198	1205
1764	1917
1303	1304
358	1086
659	934
574	1414
1137	1636
962	965
963	1100
78	1822
142	1084
410	656
611	613
1015	1018
16	232
12	534
1594	1993
415	1240
987	1241
857	1288
481	2467
1143	1186
603	872
131	450
1261	1883
19	415
722	1241
67	197
285	468
1663	2565
967	969
894	2428
1978	2318
363	493
770	841
446	2254
654	1045
2148	2205
802	1528
1762	1913
401	580
955	1150
1479	2229
12	860
952	1196
557	558
1626	1854
1056	1060
717	1294
307	310
742	762
152	817
1665	2470
63	678
880	966
131	614
712	1107
1201	2314
118	126
78	995
236	238
656	1319
1290	1319
12	1190
223	585
1489	2273
131	608
25	762
609	1642
317	760
1201	1315
382	458
1687	1745
331	1044
1813	1846
864	1129
624	1042
83	672
334	467
304	2663
501	2102
261	630
520	1203
383	728
554	1064
515	526
852	2592
369	765
569	620
461	2541
1153	1155
454	801
2562	2610
1658	2453
318	591
249	650
910	1224
942	944
1173	1174
1884	2607
1266	1294
450	624
288	1105
1269	1272
132	219
131	1274
843	851
1047	1264
2172	2498
2329	2350
635	1067
1479	2410
925	1021
193	468
801	1125
1635	1764
620	1119
239	772
410	1319
131	1054
765	809
762	965
455	595
2413	2414
722	1535
585	1035
534	567
760	1699
448	450
698	1066
782	1433
285	816
226	397
816	817
1106	1258
729	777
224	1047
190	273
261	397
553	660
439	1185
476	867
222	609
36	809
333	1109
2209	2618
226	971
714	1535
2054	2443
67	492
56	520
966	1440
1006	1009
258	1535
442	492
1605	2325
1460	2144
888	1067
107	196
640	1300
469	2608
652	1137
674	1129
749	2593
943	1571
374	1329
515	1163
1055	1168
256	2549
637	790
148	884
162	565
385	819
37	1096
210	398
1701	1853
1166	1174
843	1118
252	471
350	644
536	2177
472	705
828	831
1661	2013
398	622
1535	2608
619	754
1115	1288
80	1122
668	2410
1179	1180
101	130
595	1031
1548	2138
304	692
1327	2310
572	657
183	1647
459	1129
494	591
256	260
1739	1799
1289	1292
853	1064
178	1192
1249	1250
292	302
1711	1868
320	322
671	1192
1973	2110
2041	2250
1599	2087
1047	2129
76	2232
768	1319
241	305
858	1807
981	2221
141	1101
169	1611
385	853
1359	2113
256	395
150	1535
515	1031
750	816
38	565
101	1135
52	715
194	1274
350	634
1098	1099
633	980
1200	1204
104	111
843	2271
119	872
995	1331
465	1168
325	1099
835	1029
445	1214
563	1021
955	957
1317	1357
137	863
55	285
136	261
1460	2472
255	258
1368	2377
2507	2541
450	2151
102	106
291	301
237	390
1314	1315
179	1455
374	569
1201	1210
640	1305
845	846
703	705
970	1241
328	868
858	863
122	191
862	1036
554	611
252	666
1522	2125
344	1075
2210	2420
24	318
605	1103
81	83
452	888
670	671
108	1202
163	471
1630	2290
1242	2336
369	802
1517	2249
894	1164
228	1207
598	2377
136	397
632	986
176	1458
13	1673
194	1167
111	112
1128	1738
723	1263
1457	2532
327	2246
897	2067
722	1203
563	1017
921	1535
236	317
673	1125
236	386
1241	1264
209	497
1312	1318
142	1742
443	937
136	1293
1056	1171
619	1304
605	1146
883	1063
817	1237
418	1190
281	847
771	1261
223	1046
111	1186
525	1319
1066	1242
721	1196
177	1238
442	443
1278	1535
442	2029
375	1203
534	910
1088	2058
840	841
126	572
370	1157
785	2508
748	749
1219	1230
393	766
113	263
254	643
519	604
836	1032
792	797
1001	1143
655	1085
108	869
198	202
119	123
451	620
95	99
671	673
426	2053
77	1469
1872	2594
750	1287
328	1351
1211	1212
254	263
392	565
794	1133
766	768
374	1249
73	437
553	969
236	760
637	638
1495	2546
18	339
887	1313
392	1300
360	550
1135	1138
270	496
416	634
278	1210
222	1118
1137	1142
754	765
920	2079
189	504
1398	1436
383	906
980	1210
589	1152
819	1250
198	200
870	871
116	628
580	1110
639	2521
1847	2086
1037	2503
158	200
651	652
1125	1153
271	1224
1931	2511
1153	1194
862	1022
468	1166
190	328
427	2254
286	1264
1478	2168
1496	2491
1878	1914
744	1202
433	777
1295	2075
320	1195
364	1085
398	458
272	275
195	1043
606	1127
1860	2444
17	336
654	968
786	2064
103	608
520	921
660	1329
554	1275
2050	2589
120	122
361	1248
1600	1802
125	1205
543	1841
9	1083
194	711
114	625
218	226
68	2122
165	353
442	569
1584	2597
320	766
179	1232
1313	1319
1382	2431
1489	2421
1567	2022
1035	1329
463	2590
434	705
1264	2312
637	2424
229	1150
633	1292
1949	1998
697	700
886	1714
455	515
1251	1252
1730	2448
744	1249
632	691
480	1084
536	1492
321	980
393	650
1043	1137
232	392
23	801
289	2054
1968	2635
737	1268
752	754
250	259
1075	1281
278	1605
16	1512
779	1128
342	1261
1349	2276
128	1008
505	1145
416	644
1327	2365
760	1075
823	864
1075	2207
111	889
330	1138
1520	1940
150	634
1489	1490
89	280
216	422
214	842
396	655
55	713
740	1147
162	1048
1996	2132
317	386
873	1169
1007	1009
646	2117
103	1136
827	830
19	632
1312	1314
120	1137
236	1954
362	660
981	2644
401	692
1463	2471
694	906
586	1175
144	545
224	722
951	1103
1035	1141
257	519
385	565
661	1211
1216	2274
231	1925
119	360
189	727
1196	1240
1509	2619
585	620
1451	2659
291	292
148	936
257	374
612	1642
322	425
448	885
131	550
1311	1317
673	1153
790	1081
225	1204
694	867
283	959
767	967
882	1257
190	624
1335	1683
1061	1065
880	952
568	1054
1221	1671
391	797
2151	2498
35	1292
2272	2467
143	437
34	1185
428	1243
1580	1982
55	323
260	745
1175	1176
298	553
131	844
107	113
112	1121
873	1081
108	492
1135	1369
222	1289
526	534
249	623
782	783
109	644
627	979
421	665
632	1196
1198	1636
429	1560
1342	2144
138	778
1511	2593
162	1300
30	2566
235	1924
1707	2423
674	2471
1097	1250
216	228
1763	2475
812	813
1043	2129
1104	1105
648	2521
1950	2183
34	691
227	467
597	600
1015	1016
336	645
161	1030
507	508
611	612
878	2446
504	802
1210	2405
249	1113
173	175
742	2602
15	1363
531	2347
1300	1378
55	632
349	851
531	532
768	838
100	1129
439	632
517	519
524	1000
626	627
336	1232
1536	2236
856	1096
582	585
1112	1190
107	980
968	2314
1662	1754
167	474
1276	2190
1692	2268
698	699
452	1250
721	1263
1114	1197
444	452
138	731
838	1205
694	1428
612	1205
238	1625
426	2001
5	6
193	816
1046	1085
149	636
40	1602
559	563
2074	2627
84	1815
651	657
1074	2207
673	1521
100	127
818	1535
35	764
724	2521
1705	1977
1712	2456
771	948
349	609
1195	1207
624	1167
867	906
1367	2392
107	135
584	968
192	1176
1924	2294
1390	2406
650	2284
1054	1055
276	872
612	1162
1817	1874
728	941
2446	2476
124	1317
878	2575
1787	2505
1226	1229
2191	2251
630	1293
1250	1300
17	648
270	1637
923	2331
721	1052
668	869
485	491
1943	1986
688	1561
34	1240
225	669
39	883
1000	1015
865	962
334	2246
217	632
223	869
961	2036
628	1292
622	2453
610	612
609	1140
467	858
971	1049
1273	1275
329	1763
1201	1894
309	2567
724	1677
210	383
1153	1281
525	1409
394	1055
1500	1530
514	749
726	1050
2175	2370
349	980
802	842
1886	1925
277	637
1172	1176
1814	2197
348	952
630	1205
590	591
1191	2209
471	1054
1258	1259
239	941
793	961
999	1020
468	1263
1022	1236
194	1042
1436	2100
1304	1305
1423	1780
395	441
1312	1315
227	2101
1919	2634
585	1172
912	913
1047	2647
448	1291
227	839
1863	1922
714	1203
285	1481
201	672
846	1249
412	1859
819	1003
2	3
459	687
255	1116
2103	2309
515	948
519	585
340	1684
132	135
180	344
691	1052
183	688
2346	2600
1134	1281
699	760
72	186
1713	1974
1055	1056
1014	1300
33	2228
398	941
538	539
1112	1327
422	885
1074	2437
122	979
364	668
360	1328
851	1289
475	478
254	1081
2238	2646
466	1318
808	809
392	1058
1400	2100
1573	1775
363	1149
1919	1988
1570	2105
68	162
335	1805
816	1240
1097	1305
521	1019
845	847
1181	2521
171	1659
36	619
9	635
276	868
371	610
114	857
746	1175
408	781
1036	1298
2134	2361
152	823
1093	1237
594	748
1516	2119
453	1109
364	660
680	1579
962	964
292	313
968	1060
1337	2042
432	693
324	937
2157	2216
36	727
1891	1948
269	495
819	1004
234	758
764	1056
196	199
251	259
787	1238
116	843
270	1648
1885	2638
224	520
34	323
1336	2122
1061	1085
391	1155
1726	1757
639	1099
898	901
612	838
2210	2234
274	610
1828	2551
150	224
434	772
395	2314
1908	2632
765	1330
1025	2337
338	2344
234	960
1148	1721
201	2475
766	1291
1026	1074
135	256
1056	1140
290	2220
757	1036
795	801
19	1059
2289	2311
524	923
183	184
328	450
330	1170
68	1300
123	1171
108	298
888	1305
705	867
210	498
1024	1026
656	2284
463	1237
517	767
251	261
1889	2607
196	1292
1333	2385
633	1045
628	630
619	2286
114	253
1792	2453
2346	2622
127	934
134	979
555	1099
1023	1026
737	1860
570	862
1775	2314
2019	2264
689	2308
921	1241
727	2399
807	808
122	1209
102	111
1541	1573
1039	2235
135	1056
286	751
825	925
630	852
1474	2005
199	417
869	969
958	959
710	1135
158	1097
331	333
810	1176
326	703
323	1040
350	722
211	1933
275	1298
181	1455
743	923
198	469
673	1491
613	863
1520	2630
908	1962
1968	2274
1113	1120
56	1203
450	471
1010	1011
404	1114
1813	1913
1514	2539
227	1144
673	2046
490	1527
361	882
975	995
474	664
964	2162
932	933
1130	1132
1780	1838
166	802
262	859
2547	2631
469	1241
1402	2397
480	820
477	479
25	319
220	224
591	599
637	1461
606	1453
207	791
1287	1290
1080	1082
321	2314
1101	1474
125	347
624	627
158	1275
86	596
697	701
424	633
1086	1103
481	1202
372	632
135	2314
1162	1293
130	134
194	360
392	1004
920	1114
493	1145
1697	2241
728	913
1059	1062
1163	1295
730	1271
1085	1172
219	1168
1764	1981
1180	2608
1247	1248
127	463
349	2314
1174	1175
373	1315
2034	2076
1928	1975
1152	1826
362	610
200	1097
1121	1206
337	1281
555	1464
89	91
104	105
2046	2646
778	1023
729	2612
235	2294
1703	2441
146	993
12	342
135	278
848	1041
1838	2613
1317	1320
342	1265
1843	2083
1125	2479
1328	1654
393	396
163	450
391	742
1008	1862
26	1063
349	1171
451	1316
425	1293
415	449
293	763
275	1150
1262	1883
642	2064
792	960
862	1236
1070	1077
439	750
1347	2431
111	425
588	1279
104	652
1171	2314
691	1240
371	585
440	441
819	1067
686	951
1067	1211
164	280
1805	1922
968	1056
629	630
848	2125
1055	1312
256	349
525	768
108	553
979	1139
1227	1231
714	1062
2010	2356
626	631
1141	1142
1061	1316
140	2137
666	2410
286	2608
56	109
166	1323
1300	1739
2088	2619
251	1772
716	1883
250	260
463	1105
315	589
169	459
1056	1201
146	1012
269	271
1496	2303
364	1202
1501	2224
639	648
1019	2650
162	376
286	1203
327	448
905	1156
387	388
191	1117
394	625
17	555
570	1145
1143	1293
1490	2209
455	860
283	647
582	1291
2369	2552
151	377
565	1305
759	760
418	860
991	992
424	1118
1034	1039
9	452
853	1004
199	1107
632	633
1463	1508
568	1274
1566	2287
250	986
258	469
2207	2437
366	368
860	1031
627	1139
3	5
1124	2479
197	2475
455	567
416	722
106	112
288	1093
396	1202
800	801
316	2061
1632	2346
416	443
395	1171
1293	1490
180	963
1022	1453
531	972
569	1119
1971	2296
70	1139
180	1075
492	1119
250	966
254	1663
1621	2603
381	2367
361	1257
895	2428
106	626
1240	1263
1662	2226
86	89
834	1900
768	1049
90	390
233	519
575	576
2518	2558
1136	1138
914	1028
553	1141
721	884
132	1137
70	134
34	880
1443	2180
636	864
280	1281
198	953
111	1143
780	867
193	691
525	1293
590	1100
437	951
330	653
323	691
614	651
587	729
360	651
1080	1129
207	342
425	1143
2025	2421
859	897
371	869
158	385
346	494
273	1311
640	1058
485	1527
343	1014
560	1093
9	1300
1373	2338
131	471
1202	1206
216	623
1446	1800
988	2420
1895	2581
1	1260
127	152
1197	1202
319	391
25	600
450	568
713	723
738	1860
176	1364
657	858
410	1186
691	880
108	109
954	956
1357	2459
10	870
1004	1014
21	759
180	1194
691	816
455	749
1531	2633
162	1064
1309	1320
451	604
325	1066
1172	1175
163	190
471	1167
313	521
864	934
256	843
737	742
55	348
1681	2038
607	1024
2236	2263
149	587
84	590
236	795
114	1288
140	386
142	999
590	760
142	1157
382	476
1238	2001
69	551
1063	1318
754	1107
1117	1209
1564	2635
524	525
185	329
195	625
185	861
362	363
285	632
2443	2449
1449	1637
433	822
286	818
218	651
2132	2285
941	950
492	1085
820	1104
1258	1883
1364	1514
1727	2443
623	1775
959	1442
271	1190
650	655
1405	1819
713	1196
2049	2062
219	394
322	586
2565	2589
801	1281
448	650
1368	2469
100	587
826	832
167	659
1151	1750
189	619
383	663
9	232
520	714
598	599
129	1022
371	1085
160	1432
1212	2405
1138	1144
500	1088
199	1528
32	565
1914	2305
854	1150
346	1989
801	1153
947	2155
1802	2543
195	1198
1055	1636
1102	2005
1502	2635
529	530
967	971
571	625
453	2151
1593	1742
1618	2134
771	1582
350	1173
67	1085
1287	1288
271	1163
691	986
760	762
1029	1445
1274	1311
129	1149
122	1314
23	760
395	968
447	1243
1859	2191
710	1309
507	511
1835	2559
1805	2465
819	1335
322	347
192	1320
279	369
36	1528
632	750
392	444
198	722
172	2367
217	227
872	1167
1049	2370
1042	1328
664	2114
1189	1432
166	214
702	705
565	819
828	832
26	781
1219	2213
120	625
38	1083
451	2151
1127	1738
259	1485
249	250
1044	1046
84	740
1259	1262
596	600
883	1318
2361	2481
971	1205
168	1611
803	1439
988	2619
248	2179
221	226
263	1177
757	1126
24	796
192	839
79	2019
1204	1205
238	762
152	934
40	1255
126	1206
1802	2266
189	842
232	1064
630	1049
140	866
759	793
103	273
1070	1079
881	1888
742	1920
690	1353
129	1036
633	635
88	90
1017	1019
48	51
280	1147
631	1206
422	1195
2374	2511
660	1057
451	453
90	599
880	1287
276	550
2316	2511
729	2016
1063	1149
108	197
2113	2511
1150	1318
821	2028
1088	1092
251	263
515	2176
15	1296
1072	1077
1859	1948
2178	2205
620	1046
938	1276
857	861
640	819
824	2628
279	1373
1045	1289
272	1997
567	1112
2060	2455
1408	1621
150	151
375	751
1195	1198
2012	2610
797	1272
873	1581
1316	1320
1624	2642
1059	1178
49	51
186	810
1070	2394
876	1294
88	2010
35	1056
397	612
404	920
191	1139
360	1274
523	885
1122	1890
652	1043
120	1055
499	2108
629	745
333	347
2471	2534
515	771
276	608
1268	1271
344	673
2105	2507
694	2380
683	747
175	924
1502	1565
741	1154
980	1201
23	389
38	1067
229	757
19	348
667	1315
2284	2606
554	635
1144	1369
1512	2479
387	389
270	1259
1638	2126
378	379
292	926
111	852
162	1780
1081	1169
450	453
455	1163
34	516
258	263
1015	2650
791	910
135	633
1178	1287
36	369
1198	1199
1202	1203
1138	1170
140	1125
1921	2637
699	1075
1053	1173
665	1041
312	562
309	311
333	768
828	2427
1224	1327
448	451
1704	2250
853	1048
1418	2113
329	551
218	920
169	823
389	740
1957	2326
316	739
52	894
1596	2360
215	1073
41	42
26	1149
836	911
123	633
119	163
100	288
36	842
987	1173
825	827
140	164
2248	2544
1242	2283
1169	1172
1754	2090
740	801
9	16
55	952
116	1315
654	1210
1873	2364
958	1798
1014	1097
119	1197
1773	2424
639	1242
854	1298
104	329
591	592
1010	1921
749	860
474	1093
715	894
1821	2542
286	921
975	2413
534	1265
518	521
694	913
625	626
1022	1298
226	365
312	1912
1214	1215
721	722
100	817
87	1269
915	2097
449	453
603	608
218	228
1264	2608
596	960
308	310
1042	1114
1052	1053
873	1303
666	669
83	84
324	2441
441	552
914	918
116	278
327	885
1054	1056
222	1210
2066	2437
138	606
845	967
17	1099
750	1196
107	654
840	1012
1060	1171
148	1240
102	439
111	746
332	1118
1935	1979
777	1638
453	746
1311	1357
538	541
383	420
472	867
1987	2170
622	772
1833	1893
1074	1079
67	371
1184	2385
102	516
92	2540
448	453
482	791
493	505
148	1287
966	968
465	467
324	1047
929	930
91	319
207	1190
1809	2468
450	603
575	763
1196	1198
327	1113
193	439
816	884
1224	1295
71	1174
112	1176
1643	2642
1488	1864
139	2547
1273	2599
257	969
1982	2519
1256	2001
806	807
454	1075
315	961
35	321
365	2592
219	1055
163	872
1070	1078
1148	2060
1046	1316
1386	2163
72	192
67	442
926	927
608	1054
1969	2022
1263	2312
660	869
1630	2574
394	861
440	1055
1268	1821
602	1991
61	539
409	1055
768	852
119	124
91	1272
402	470
288	560
1135	1136
1006	1008
514	1382
1606	1956
1860	2602
338	1805
331	627
1173	1241
620	660
162	1058
751	1264
1022	1126
91	1155
496	616
126	227
55	193
109	2647
450	550
590	963
1116	1121
1772	2528
1865	2332
423	424
661	1300
1513	1717
1876	2025
481	1057
2003	2033
250	2549
969	1141
125	453
180	1134
426	1297
212	1468
27	30
67	1202
132	253
218	471
126	192
561	752
2243	2539
1343	2002
1109	1293
343	611
873	2325
16	1014
67	1316
321	424
1895	2559
953	1062
136	586
274	969
225	1485
2624	2658
1734	2454
880	1166
286	644
1099	1454
465	1198
321	843
111	768
591	761
287	1169
1635	2355
102	250
131	190
458	906
637	945
269	1258
861	1168
364	1035
1791	2384
199	727
478	1689
636	1129
1059	1240
274	1249
138	1127
1119	1249
660	668
945	1169
527	2076
2060	2311
356	357
884	1059
120	125
256	1140
1576	2118
1057	1316
385	2583
198	1180
1334	2537
252	258
1113	1117
1328	2193
476	478
359	1817
754	1650
40	209
1155	2551
1184	1185
710	1775
989	1942
699	740
451	846
560	664
504	1330
210	458
564	2433
1034	1037
1418	2316
341	594
214	1304
274	1997
576	578
749	1265
263	2549
831	833
2241	2590
368	369
38	640
286	1173
927	2331
322	656
713	1178
539	2076
1401	1981
314	319
632	634
688	982
546	1266
1272	1283
646	958
658	2276
333	1319
2196	2332
374	1035
840	1538
650	710
118	1113
1672	2574
554	1300
796	964
1876	2421
960	2435
496	2559
712	754
817	1080
499	2158
911	912
87	1152
1290	2601
907	2420
1315	1320
95	97
2211	2369
470	476
370	559
348	723
119	1654
71	110
623	650
348	516
505	854
126	1448
16	1004
242	342
416	520
350	970
343	1004
474	687
2075	2409
140	740
237	1924
611	1590
197	202
653	657
1195	1199
1835	1895
1041	1044
374	451
1778	2161
37	1554
123	1210
610	620
1519	2619
476	1385
626	1200
343	1300
350	2608
699	801
1008	1010
570	757
197	585
570	1149
842	1330
1357	2112
799	1652
1607	1971
470	1535
161	1224
131	1197
143	593
580	2092
644	987
494	730
1463	2534
900	902
963	1270
1073	1078
469	987
826	900
71	1317
867	892
103	119
2100	2128
108	223
103	163
703	2002
232	661
915	919
249	766
1701	1702
572	863
1165	1291
332	1315
1040	1263
276	1654
34	37
103	190
2626	2660
1069	2379
1186	1848
737	2055
69	861
269	1637
114	1636
827	828
770	2378
778	1506
116	2314
130	1309
57	734
600	762
705	780
1160	1162
372	691
439	1040
2166	2611
628	2314
1463	2632
246	894
1078	2394
785	1243
569	1085
116	332
1811	2497
900	1128
277	873
485	2469
1375	2626
210	470
1017	1021
876	993
664	687
261	1175
10	784
86	1711
250	1240
1770	2482
1410	2106
2113	2316
1111	2640
129	1150
1832	2144
498	2158
1033	2584
887	1170
656	657
139	140
508	513
616	1259
149	167
1717	1718
554	565
1014	1067
158	819
606	1980
868	1136
0	1678
948	1327
237	796
740	1134
542	2554
178	697
325	2521
1143	1162
131	328
148	1263
129	505
1166	1170
911	1032
200	392
792	1268
586	852
196	851
493	1126
56	987
585	1085
1452	2229
968	969
137	631
1450	2122
137	858
988	1105
35	1393
173	370
1607	1826
425	2592
664	1237
359	1589
105	287
469	937
1244	1245
751	1278
232	2456
1749	2046
392	1067
453	1290
2491	2657
298	519
1267	2346
236	1924
281	955
322	333
1494	1552
1109	1696
107	109
1988	2634
1045	2314
233	1202
822	2095
603	844
271	418
2277	2532
1530	2632
1959	2093
938	2228
1008	1769
749	910
60	564
59	480
996	1922
472	476
458	913
37	638
562	566
72	1320
1846	2475
1981	2660
957	1604
371	620
158	1211
285	1040
534	595
777	823
110	225
565	1300
103	252
162	452
105	109
283	497
439	468
1565	2564
215	947
1094	1708
921	987
1012	2133
652	655
439	1196
1204	1894
270	1449
249	393
166	2204
714	937
738	961
1602	1952
85	1729
103	550
677	1199
93	2261
1136	1311
660	1085
135	1171
1892	2649
1152	1280
449	516
649	1179
196	200
844	847
866	2481
180	386
185	625
273	404
1629	2157
360	666
2161	2323
164	740
813	2253
1062	2148
632	816
1716	2302
148	217
551	857
347	768
1855	1856
233	1061
622	913
161	771
962	963
914	1034
552	628
1003	1300
194	471
914	916
369	621
321	1171
1311	1315
335	336
257	1249
451	1061
728	867
1351	1436
641	1284
1489	1904
141	2621
322	612
125	1293
245	1804
658	2411
573	2404
585	1494
369	619
568	844
552	1140
577	579
564	565
654	1056
452	1275
2342	2401
666	1114
192	613
1192	2209
87	235
194	252
1171	1172
672	2027
350	1535
226	261
1074	1364
1163	1265
1462	2199
422	710
449	884
271	1386
1805	1863
568	570
285	286
286	1278
507	513
224	226
651	1167
384	2097
425	1175
349	441
907	1898
67	1057
652	1055
901	1009
342	948
60	1364
854	1145
425	630
32	1067
779	900
392	661
169	1105
179	576
194	2475
107	628
563	1301
383	622
1268	1272
89	454
487	489
764	1201
966	1287
1216	1478
666	1136
271	567
34	439
143	951
1023	1506
451	668
714	2028
400	2242
534	1163
228	1321
887	1138
150	751
727	809
1066	2521
963	1194
1060	1210
2047	2586
2180	2216
410	852
130	135
141	338
1629	2652
1062	1173
1180	1203
308	2365
273	1114
1332	2037
167	288
2166	2501
2223	2276
1780	2613
485	488
1660	2037
639	645
657	2416
347	453
278	1171
2424	2462
1069	1840
517	522
327	328
991	993
251	253
1075	1076
453	612
744	1046
2149	2359
375	2608
253	861
763	882
148	691
514	1112
399	2027
100	459
741	2055
197	1141
187	694
1869	2615
1632	2371
2416	2456
136	612
251	252
2406	2439
280	344
1875	1911
526	567
433	864
471	550
241	594
1047	1062
614	1328
415	439
434	622
1221	1513
1310	1313
234	1268
1074	2394
656	2416
1825	2569
370	583
955	1145
155	411
642	1446
1229	1231
137	859
110	1545
2012	2562
388	793
496	1259
1138	1141
210	705
169	1129
331	979
880	1178
1216	1528
365	1175
647	836
321	441
232	452
1126	1298
1325	1982
472	695
213	2626
12	771
775	1379
144	715
857	2554
560	988
807	810
424	1315
751	1462
1489	2236
258	1264
1446	2391
425	453
1319	2592
1320	1321
277	790
700	701
872	1114
652	1115
298	1141
492	1329
466	1036
111	586
784	1470
599	2145
1059	1061
505	570
323	1287
559	2403
1313	1318
316	1907
360	471
2316	2646
80	1815
55	1263
508	509
1118	1201
1235	2146
102	1166
224	469
262	897
387	1151
101	103
1491	2027
840	876
656	971
285	1277
180	182
1435	2170
334	572
463	674
695	1801
277	1663
953	1053
256	633
619	1107
7	1677
482	1327
470	906
1000	1001
725	726
1026	1539
390	391
1041	1042
319	742
1377	1395
861	1198
1940	2630
1214	2617
2087	2089
318	2061
1136	1328
691	1552
276	666
445	1182
185	571
559	820
1071	2066
19	2113
1778	2323
1190	1265
1166	1172
785	2368
879	951
208	754
1735	2454
429	493
257	371
451	969
119	252
278	584
1632	2141
220	1081
459	777
587	1080
1733	1789
196	1045
112	192
404	608
100	169
593	1803
1073	1497
227	631
1487	2538
818	1180
565	2403
34	1196
308	311
132	195
1290	1293
376	1751
396	1119
25	965
147	1326
1062	1203
442	451
23	1100
462	539
826	829
229	429
560	566
364	655
1312	1313
537	2586
1909	2389
69	409
673	1147
1151	1268
143	1103
1196	1200
1221	2213
624	1654
880	1277
50	51
1268	1269
231	1886
1432	2537
1101	2005
861	862
109	520
605	1086
88	739
1288	1289
1626	2189
605	686
257	364
116	609
275	757
173	1157
330	334
1997	2375
162	385
56	350
278	349
223	492
135	196
207	1030
1844	2534
152	459
192	262
1777	2120
471	844
721	1185
942	1360
305	1259
906	2637
600	2338
38	661
687	864
910	2335
315	1269
156	1923
750	1178
71	117
816	1335
1171	1177
346	1154
656	1333
889	1162
279	1528
1275	1305
1049	2592
621	754
448	1404
67	655
791	1112
1609	2351
1253	1783
84	2607
560	1105
1407	1821
1643	1645
1109	1186
948	2211
1500	2288
258	1278
36	2286
320	327
175	1016
389	1194
223	604
858	2554
0	1
568	666
449	1178
685	1179
1387	1807
1948	2084
853	1305
375	644
324	325
349	395
1079	2394
273	450
723	884
8	352
432	1950
362	553
474	674
12	514
190	711
954	957
346	730
398	694
519	1046
772	892
1476	2517
1208	1254
1071	2207
832	833
598	760
358	2319
2205	2240
763	1179
280	1194
1497	2515
1449	1499
39	1036
563	564
55	1277
448	1195
1726	2473
1053	2608
111	1290
515	910
550	1311
439	442
90	91
1031	1112
158	444
375	1241
105	110
316	1133
614	1054
1266	2622
196	843
224	443
604	1172
388	589
385	1058
1047	1278
1027	2499
382	906
1055	1198
73	1103
598	1368
643	677
355	544
1477	2167
654	1118
439	444
116	667
342	418
480	1020
120	123
736	1472
1198	1207
969	1046
299	2499
1080	1237
999	1007
238	965
3	7
258	644
408	1063
1418	1931
1004	1300
256	764
302	1654
921	1053
126	1320
563	566
1139	1369
751	1053
190	1136
274	374
1386	2229
791	1295
242	482
2198	2354
226	889
373	374
2299	2349
1035	1249
908	1697
200	635
220	643
1071	2394
105	1169
16	1250
569	655
981	1519
139	2137
633	654
224	1241
199	1304
516	521
248	445
568	569
559	1084
969	1249
537	2047
60	176
1171	1292
516	713
189	802
258	261
124	1485
645	1232
217	713
1174	1545
1876	1904
167	822
278	851
634	1047
751	921
314	792
941	944
1815	2607
953	1278
1089	1091
625	1115
226	1175
218	1167
1005	2568
1669	2249
1129	1237
969	1119
192	897
67	364
1972	2509
401	1110
583	1020
135	851
622	695
803	2540
409	1288
757	1318
69	104
443	970
285	880
717	840
199	200
56	443
1364	2401
362	1329
347	1143
362	1035
108	364
166	279
104	1115
2084	2498
1037	1465
459	2353
217	750
631	897
733	2344
1284	2433
466	1236
148	986
1818	2397
1115	1198
101	108
158	635
632	1263
1630	2646
108	481
33	1276
193	449
136	425
102	884
711	1274
753	1000
1890	2479
892	1667
293	1179
1751	2156
273	1054
1954	2293
618	1128
314	2048
668	1057
1070	1497
319	1283
314	317
610	655
9	565
1757	2473
100	1093
9	1211
624	1328
825	829
582	885
1093	1097
382	892
1103	1146
498	1413
690	1252
222	225
455	2578
101	327
648	1232
2276	2474
568	614
1970	2026
914	917
123	843
236	866
1405	1445
214	727
375	1173
1035	1172
271	526
177	1024
445	2053
2027	2046
470	695
377	2156
1173	1264
1035	1202
791	1030
887	1200
1433	1569
273	1654
789	1665
588	596
369	1323
476	663
236	337
573	1445
194	624
2223	2434
463	934
667	843
2269	2487
140	236
1538	2348
194	533
636	1237
559	583
196	373
1241	2647
2445	2500
149	169
237	591
274	1035
329	1198
719	2174
176	2401
336	338
193	1052
199	842
1165	1775
940	1977
337	2465
35	1554
582	1195
703	1343
846	847
677	808
20	737
1558	1582
397	1001
1281	1649
852	1143
552	2314
610	1085
937	1053
115	1117
2051	2181
754	842
823	824
754	809
492	1249
439	966
200	2475
434	867
226	1001
1736	2478
598	600
12	482
143	1742
887	889
797	1493
2256	2526
1083	1300
753	754
1673	1877
285	1178
712	1304
114	185
2332	2384
2643	2648
946	2342
137	1176
1581	2332
980	2314
1071	1079
237	1282
112	863
862	955
1361	2141
525	1205
1100	1454
481	1119
589	597
1001	1120
573	958
350	375
187	950
1613	2332
724	1242
2190	2599
1787	2529
730	796
342	1163
132	551
598	1194
1050	1477
1390	1695
1384	1801
852	1120
518	520
255	626
407	583
600	1155
300	594
1099	1181
148	1178
59	820
2180	2592
277	1373
374	442
442	846
69	652
1120	1319
19	1931
145	875
1447	1600
164	2105
624	651
1215	2251
519	660
420	622
1163	1261
271	515
744	1172
1023	1024
1036	1038
55	1196
966	1059
324	1278
116	552
1022	1150
1372	1398
2108	2158
799	800
420	867
733	2395
550	1042
492	553
1381	1743
1219	1671
144	145
104	109
322	1049
280	389
2020	2092
1690	1691
223	1035
471	1136
275	570
839	863
503	2657
1038	2235
660	1316
597	598
1277	1287
920	1197
197	655
261	1143
19	1178
526	791
187	622
1264	1628
261	852
23	386
1627	2648
1362	2555
439	1178
163	252
395	628
111	2592
158	640
841	1538
224	987
618	732
622	950
474	478
1073	1668
1039	1790
382	950
55	1052
463	1129
371	604
603	1311
517	518
1024	1539
276	920
695	705
584	628
1554	1976
285	1584
37	837
35	441
1144	1176
1414	1973
936	1059
505	1022
158	554
731	778
2618	2642
2054	2100
275	862
623	1195