111	1319
535	894
105	677
404	568
2178	2657
2012	2622
654	657
40	647
127	1105
495	1110
452	611
89	280
1278	2186
807	1115
148	250
417	765
1744	2150
484	487
332	843
357	1352
458	941
852	1186
226	1949
672	1124
217	952
727	809
598	866
373	628
856	1161
1648	2252
84	598
269	304
56	224
586	1290
666	669
1046	1316
1518	2505
713	952
506	1532
106	109
860	1327
946	2528
208	712
1461	2160
221	222
508	510
407	583
2093	2376
330	1116
301	924
376	1097
586	1319
198	469
469	714
1060	1064
552	843
1080	2661
830	831
715	2536
955	2315
220	1592
757	1145
2119	2162
1540	2509
109	722
389	454
480	481
189	199
1545	2344
1996	2266
250	986
772	1722
131	920
472	913
1667	2201
560	664
363	757
2156	2194
56	634
101	113
104	195
237	2636
2429	2582
639	724
641	1862
1248	2453
1576	2170
678	2041
313	926
82	1656
1227	2353
1083	1097
214	1107
410	612
1172	1249
46	2616
585	2243
966	1240
275	363
1736	2279
371	1085
119	360
825	1021
1839	2004
121	330
443	970
1751	2038
1916	2470
514	1030
639	1181
393	1113
210	950
196	1210
1169	1173
771	1224
74	1029
742	1272
743	967
520	818
1216	1916
364	1035
575	579
535	2290
1361	2025
1644	2375
1687	2081
1986	2048
297	1567
1451	1905
572	1144
749	2545
835	2606
443	1173
173	583
233	660
1474	1725
2372	2493
652	1055
16	162
1148	1744
1206	2298
2097	2383
188	431
191	1044
293	890
1752	2274
1311	1320
1454	1962
173	2280
34	936
422	650
334	613
655	2049
2093	2137
85	290
811	2199
493	757
636	639
105	107
925	1301
152	664
450	614
226	768
636	664
234	387
971	2132
520	921
685	890
1033	1084
372	373
375	1241
860	1265
1379	2515
186	262
1482	2145
429	1518
710	766
631	1206
164	236
811	2140
1053	1180
1612	2338
1098	1100
136	630
1225	1481
154	1834
2084	2571
100	659
245	1988
449	1185
651	868
829	903
324	1241
441	1118
818	2061
1050	1431
114	857
21	1794
956	2315
1735	1755
1081	2322
623	710
180	280
628	1118
973	2331
219	222
2298	2573
376	640
220	1989
282	2054
454	801
1832	2576
2019	2632
454	1075
1071	2117
129	1036
660	2062
209	959
1215	2078
1151	1929
1469	2338
451	604
563	565
193	439
1167	1274
559	1007
2149	2637
1241	1681
744	1585
72	1176
330	653
534	1876
1296	1602
1231	2353
321	1289
829	833
1484	2010
261	1319
208	1107
493	1063
214	809
1240	1287
1035	1316
415	632
1410	2396
1245	2083
839	1121
520	751
303	977
17	1232
125	453
1458	1769
1512	2654
764	1118
1577	2003
847	1236
127	288
546	1587
1614	1745
2038	2579
207	482
335	2642
218	1042
816	818
1966	2520
23	1281
1956	2107
1083	1250
286	1241
1662	1922
818	1180
144	146
630	1175
1547	1785
562	1016
113	2208
1914	2045
100	1237
362	2413
255	626
811	2642
52	894
603	604
1125	1153
1111	2289
258	722
428	1243
116	349
969	1546
590	795
614	1311
1035	2638
1931	1951
495	580
230	1597
437	1086
1884	2125
743	746
737	739
1320	1321
1626	2104
859	1144
298	969
1210	2462
575	576
402	434
649	1179
2075	2097
1414	2014
627	629
1147	1281
361	1948
634	937
1075	1077
1284	1647
199	619
496	1642
363	1298
422	2140
57	1548
140	317
317	1075
648	724
585	1046
546	1464
697	700
1164	2290
948	1031
1310	1321
525	1143
257	660
449	1166
281	847
55	102
114	2034
1197	1198
119	603
440	443
1867	2377
319	1283
886	1649
149	288
1373	2587
481	553
778	1127
1623	1874
322	746
1075	1194
844	1197
586	2583
93	356
826	827
476	2467
1759	2498
317	801
280	673
1607	2213
148	516
569	585
1711	1852
602	2506
118	448
158	1058
274	1547
474	475
817	864
1014	1211
1110	2282
19	880
712	1330
583	2583
1245	2596
1779	2058
364	1329
466	1150
1165	1782
295	1567
828	1252
1071	1122
936	1059
1340	2481
366	368
494	591
711	1274
108	274
658	1432
678	2593
1728	2552
357	2259
12	242
772	780
623	1291
238	762
67	233
236	699
791	1261
487	491
504	1330
1187	1188
287	873
194	1114
853	2382
1481	1526
219	1043
1034	1038
116	321
2333	2458
132	1198
130	134
1059	1178
105	110
967	971
166	279
753	923
69	409
158	1250
868	1054
162	1083
2107	2508
987	1241
1212	1543
624	1274
730	1282
241	594
880	986
250	723
975	1331
375	818
189	765
817	1470
1404	1665
1154	1425
505	883
377	1870
35	1140
564	1026
744	1057
526	1190
510	1553
12	749
100	560
373	1140
816	819
757	1318
1304	1305
252	263
281	493
34	372
671	1822
987	1062
333	453
90	237
897	1121
441	1201
439	1040
161	1265
912	1823
421	665
1488	1941
2199	2642
1147	1194
1579	2446
852	1143
140	180
121	626
684	2017
504	548
650	710
229	854
208	621
680	931
559	820
321	1672
1610	1857
1299	2129
89	1270
860	1190
189	417
1274	1328
921	987
1248	1375
1445	2094
768	1600
520	1062
925	2235
67	668
278	373
392	640
1420	2559
69	72
560	562
299	1253
362	371
257	362
630	746
852	1290
1093	1237
374	1585
186	1784
83	2198
1412	1861
334	572
860	2270
179	1099
625	1198
604	1119
17	336
107	321
1434	1942
275	2530
1616	2006
1403	2114
1162	2132
286	520
818	953
17	1972
439	952
566	1019
322	425
556	1082
798	1963
223	1119
520	722
1654	1985
474	560
407	1020
164	1100
1582	1615
1027	2599
110	111
515	2650
404	450
1003	1058
394	397
250	1287
910	1261
631	1144
627	628
1990	2484
350	714
1530	1776
429	2505
1306	2598
2229	2244
468	1240
714	937
398	694
1199	1204
114	2180
1146	2601
706	1380
444	1097
444	1083
53	2647
1576	2597
620	2049
100	1093
1446	2641
936	1178
952	1751
1290	1293
582	885
1869	2378
1769	2662
161	515
2136	2474
222	1118
257	262
118	121
192	863
167	864
1042	1311
415	713
793	797
82	2394
1085	1585
1495	1973
218	228
1685	2035
1267	1428
126	186
71	1317
241	2588
1561	2422
285	516
626	653
216	1989
78	975
768	1293
187	695
632	634
872	1328
608	711
1126	1318
206	1961
595	1265
2340	2619
332	2462
662	2327
1132	1999
663	913
1026	1074
107	278
668	1249
442	1057
1281	1283
1832	2103
470	694
661	1003
442	668
1248	1948
9	1305
376	1067
1523	1577
1402	2381
272	1547
387	2171
442	1141
1536	2012
408	847
779	2136
1009	1072
363	1318
1170	1174
57	2203
219	1115
845	846
873	1199
135	1210
565	640
71	124
78	995
1665	2542
791	2623
1154	2414
89	866
250	1059
480	583
723	1178
746	1049
237	1271
809	1443
20	1151
1720	1863
56	286
261	1290
343	392
571	2017
87	388
362	481
584	633
1224	1261
1725	2065
560	1775
594	616
458	913
1463	1993
130	1165
131	194
1419	1676
333	852
570	955
801	1125
185	2407
1241	1242
435	1663
982	2529
200	202
823	828
1486	1961
1479	1789
1046	1048
35	654
286	469
0	1339
323	325
978	2210
1201	1206
978	979
193	880
443	714
2119	2248
324	350
1239	1693
1054	1056
492	660
1228	1230
39	955
21	1152
571	2034
94	96
166	369
462	1068
280	1134
670	967
330	2313
504	842
1261	1876
329	625
1460	2610
162	392
255	259
261	397
459	636
828	831
976	2186
391	1895
452	1083
555	576
1209	1314
609	843
1816	1853
196	1045
25	1794
757	1126
891	2568
1170	1200
40	703
375	634
336	1232
253	1168
1121	1320
376	1048
834	1685
254	1592
1554	1965
891	1430
1290	2415
385	1300
403	2329
320	1135
397	630
85	561
127	823
593	1146
599	1883
1076	1077
992	994
954	2315
446	2262
751	1278
84	795
1680	2292
111	1143
619	1323
358	1086
459	1080
625	1803
383	2555
482	1190
439	632
224	228
1842	2248
1175	1290
697	1192
12	2371
1425	2475
451	1316
606	778
1358	1622
163	711
26	408
583	584
779	826
735	736
987	1203
748	922
1004	1300
148	966
287	1199
1702	2189
136	1923
158	1275
1081	1457
314	315
1058	1097
1113	1121
1931	2493
1018	2253
516	1185
861	862
2120	2465
792	1279
624	711
564	1074
68	162
361	362
350	1487
920	1274
372	374
1492	2362
1045	1501
82	1192
1516	2386
965	2403
1034	2638
1154	1856
768	889
371	2520
632	1240
535	545
517	520
1077	1591
12	1190
425	1293
82	83
129	1063
869	1085
740	1903
712	802
1287	2415
761	964
1023	1027
55	250
1073	1449
347	768
589	2374
1085	1316
920	1311
596	758
161	1295
321	373
112	613
439	1979
1592	1725
575	1770
276	450
360	1274
737	741
795	1153
1067	1083
482	749
229	1022
72	1721
620	744
781	1149
400	1494
842	1107
342	534
822	1655
472	728
407	999
471	1167
1183	1215
402	892
1424	1718
1320	1721
721	750
637	808
711	920
861	2017
200	1064
1170	1175
1919	1992
382	913
1199	2298
1044	1850
489	490
1227	1229
672	673
103	1197
945	1914
207	910
1382	2517
386	1147
57	734
1434	1744
744	1316
29	30
360	651
1152	2026
86	792
149	777
139	2096
469	520
1708	2324
480	1033
610	1316
53	876
566	926
158	343
1325	1611
805	2599
620	1202
349	968
659	822
191	331
262	897
551	1137
704	915
1313	1317
207	791
1475	2639
24	390
690	1252
1310	1313
616	2152
223	1085
11	601
308	1805
228	2106
105	254
163	1274
553	1172
192	467
1056	1118
1650	2199
370	999
878	2071
572	810
1990	2611
524	845
1170	1173
600	762
242	771
102	1178
209	1255
474	817
465	1055
67	1202
442	451
152	817
110	124
201	1124
477	479
371	481
232	565
847	1145
261	365
980	1201
1120	2132
1983	2187
35	1292
516	1166
448	623
132	185
492	969
1654	2393
393	448
981	1959
219	1351
64	378
248	2003
1792	2073
217	691
196	968
819	1305
1383	1638
387	588
1447	2142
443	520
16	1332
1985	2102
89	598
694	892
362	1172
216	422
102	713
108	1141
104	571
1724	2170
818	1062
2390	2659
425	1109
257	2049
1035	1039
1385	2583
202	203
473	775
908	2294
293	2453
16	1083
365	2132
140	963
853	1300
876	877
1067	1300
568	1197
214	548
991	2140
1219	1774
250	1185
812	813
37	1082
118	650
385	392
1435	2575
286	324
848	1974
712	842
1212	2224
1823	2368
860	910
218	614
36	37
615	2124
403	2163
667	669
118	1135
660	2049
425	656
1636	1747
2029	2211
342	1030
519	668
637	2039
13	981
23	699
567	1876
317	1100
667	2370
1094	1096
614	1197
321	628
256	1118
654	656
9	1275
232	554
587	1237
179	181
350	1053
418	1265
1548	2203
988	1105
374	1119
418	771
274	1249
333	630
46	50
275	429
1351	1498
72	1206
943	1488
707	2123
1156	2521
710	711
966	1059
588	1929
1190	1876
92	93
234	1929
1594	1727
231	1324
1057	1249
40	326
761	1883
889	1293
946	2045
355	1352
610	1119
493	1318
1052	1277
362	1035
1938	2067
1171	1210
404	1136
130	448
561	562
227	863
251	256
797	1272
415	691
224	1053
418	860
973	1235
1141	1142
1781	2507
481	1316
81	1025
760	761
534	1031
1475	2133
109	469
559	564
46	51
107	609
1417	1866
262	2046
224	937
38	376
551	2017
310	2426
568	1114
1060	1065
1046	2529
765	1304
613	1176
1624	2498
238	797
0	2654
749	948
1075	1079
341	1259
1752	1814
1180	1854
570	854
53	840
1502	2661
793	794
793	1280
953	2184
68	1014
587	1105
1428	2292
433	1894
145	1548
502	503
35	1739
101	103
1208	2331
1274	1276
2049	2198
321	609
959	2507
415	986
19	1196
1631	2507
239	383
520	634
847	1063
545	1164
749	791
842	1330
162	661
193	721
219	1312
221	887
333	2132
580	692
279	727
343	1064
971	1143
32	853
1734	2226
832	2566
135	843
23	24
116	851
256	968
733	2284
8	1441
914	1034
145	716
1090	2188
649	685
197	846
1124	1849
416	970
295	296
119	126
1253	1591
222	1201
26	854
6	1827
123	667
494	796
909	1735
219	1989
1312	1317
481	869
276	550
51	1997
350	469
52	2647
578	1343
69	807
561	752
223	1035
32	554
1350	2491
1085	2049
180	2181
345	2614
66	381
285	880
1141	1172
797	1283
274	655
1274	2138
1168	1312
598	963
1197	1205
163	568
1082	1096
546	1012
342	771
559	1104
586	1001
227	657
1309	1312
554	1064
468	1185
279	1323
203	1697
197	1119
118	1291
169	674
1198	1207
289	2522
1711	2610
858	1176
1074	1079
68	1211
23	454
252	624
1244	1738
620	1172
559	563
546	717
750	952
1575	2565
880	966
732	733
642	2409
660	1046
586	612
123	125
586	1949
370	1966
273	844
779	1128
552	609
1165	1172
576	1242
194	624
724	1066
120	1115
493	1150
1028	1034
15	16
2489	2529
140	1194
278	1045
634	818
492	744
1267	1680
185	1198
744	2049
630	1162
443	469
165	538
1006	1008
132	133
519	1329
269	580
363	570
740	1134
4	7
1087	1092
733	1550
634	970
983	2210
672	1426
678	2571
782	783
12	1261
1516	1749
2002	2493
493	505
748	2545
822	1080
722	953
1391	2584
664	1105
610	869
42	43
195	1312
691	713
1088	1092
759	1269
455	2048
552	633
609	968
740	1270
787	804
1046	1119
163	190
182	339
1141	1585
371	610
103	109
148	1263
880	1287
712	2368
114	253
186	810
826	900
892	941
862	955
100	687
270	271
572	1707
1936	2087
294	2421
659	1581
1045	1289
430	1757
925	1021
373	1201
19	966
1075	1147
1918	2390
110	1142
435	1534
143	605
1351	2371
870	2332
1627	1879
663	694
864	1763
309	2426
1936	2224
1210	1501
1282	1883
885	1113
664	1093
1192	1573
845	1000
514	771
836	1032
388	390
858	1206
922	923
362	553
1379	2177
1554	2451
87	89
125	1290
37	799
158	162
883	1150
565	853
1470	2061
216	223
309	1632
1919	2261
1166	1167
823	833
343	1004
35	1501
802	809
369	765
217	227
236	344
1431	1878
358	2360
2123	2633
1785	2293
23	1794
749	1295
1198	1204
297	489
418	1030
219	1288
394	395
195	253
868	1328
238	1272
365	971
194	533
249	650
361	1179
229	883
118	120
982	2489
194	872
611	1048
1061	1119
67	371
865	1374
197	200
1137	2017
576	578
946	2381
979	1209
1030	1261
8	536
492	1585
163	273
69	652
180	1147
218	711
1043	2034
526	771
1311	1312
358	1146
971	1049
142	1601
708	1550
610	1356
118	123
274	1585
130	132
563	566
1270	1867
1186	2132
1135	1309
1100	1153
258	1053
691	750
449	450
961	1152
1381	2068
1690	2245
1593	2592
333	1162
558	1302
260	263
1785	2131
200	392
1259	1261
1547	2131
329	2034
453	1186
237	238
968	1045
120	2017
242	1112
1404	2003
1688	2242
2062	2341
1095	1097
1362	2518
900	2183
1266	1294
1037	2289
583	1157
160	161
203	511
470	476
1152	1154
253	259
646	1029
55	56
364	374
1540	2038
250	415
1206	2573
169	988
1750	2450
350	921
398	498
299	1626
980	1210
1666	1802
224	1278
1083	2661
963	1779
1851	2132
232	1211
594	2617
142	2135
1100	1147
194	1136
1025	2092
1169	1199
244	245
398	470
1587	2613
325	698
746	1949
236	1486
700	2503
1138	1139
1056	1140
1352	2545
785	2272
410	852
873	945
695	780
288	659
126	572
2092	2605
441	654
88	90
740	1125
892	906
328	334
232	1097
825	925
1701	1977
229	1236
1425	1604
223	492
671	673
221	225
869	1329
285	449
467	1144
360	614
1140	1315
275	847
1171	1175
575	578
44	45
1396	2547
380	2632
482	534
729	2423
645	648
269	495
1506	2211
1196	1199
236	389
778	898
970	1264
702	706
525	586
136	1109
562	2609
1157	1412
1082	1083
394	1351
849	850
705	1635
321	441
470	2433
1295	1915
83	2049
347	1049
131	471
393	650
1204	1207
221	223
1137	1142
180	760
271	1295
1415	2623
349	667
603	920
185	186
153	1493
556	1096
1396	1984
215	1096
1925	2483
737	1903
452	1097
953	2579
38	1305
428	2009
136	971
129	2347
227	262
640	1048
439	442
663	941
1166	1185
687	823
408	1063
172	381
1213	1252
196	628
624	627
677	1592
229	466
374	1249
2080	2548
601	602
133	136
69	1115
823	830
1289	1290
1381	2642
721	2430
40	911
346	741
820	1104
321	667
223	298
371	668
1325	1862
1398	2102
434	941
666	1328
327	331
758	1151
727	765
149	2635
624	628
1059	1277
555	698
236	317
149	1080
420	950
714	818
124	1204
828	833
2185	2645
208	504
974	1446
951	2554
101	1135
356	1598
1229	2073
959	1631
422	423
254	256
1007	1104
221	2106
1395	1706
860	1112
405	406
2313	2368
389	699
748	749
565	1003
628	851
226	2106
166	1330
194	666
249	252
1198	1351
1932	2484
342	1112
210	398
1273	1276
749	910
439	449
1264	1278
209	647
32	68
1073	1161
813	1883
328	624
2256	2601
492	493
455	1112
711	1136
60	1074
521	1019
151	1870
440	1288
466	1145
253	258
1436	1684
64	66
364	519
214	1942
249	257
344	454
343	376
720	1663
347	410
1507	2210
768	1949
572	839
319	592
110	112
321	395
1414	2125
163	218
410	1205
210	402
350	1203
348	516
34	1185
1585	1903
619	809
1169	1782
651	1328
2103	2451
644	1173
373	980
1110	1258
750	880
825	831
40	41
1232	1242
121	653
23	795
468	1196
90	494
471	844
1375	2640
623	1309
12	342
1195	1207
173	1033
454	699
1047	1278
584	586
1046	1141
1975	2595
391	592
481	620
861	863
226	1143
1468	1864
1593	2621
1245	1606
150	151
1165	1176
2001	2511
891	2417
1678	2176
343	452
484	485
1175	1176
862	1236
161	418
807	861
1080	1129
1336	1662
624	625
799	1161
1965	2086
828	938
35	123
255	263
20	25
369	504
262	859
206	414
838	1175
287	2256
1466	2468
790	808
219	394
467	613
516	632
811	814
1494	2159
391	1272
193	197
444	452
196	332
274	374
1571	2165
621	754
365	1143
221	1989
208	417
127	777
450	603
595	860
848	1041
111	1162
760	1479
404	471
219	571
1854	2535
384	704
625	630
584	585
183	982
116	1501
1649	1690
361	1257
958	1029
866	1075
14	1711
764	1201
105	2208
1601	2135
1250	1300
444	640
795	963
179	639
749	1666
68	1067
342	948
130	1291
395	396
1155	2414
200	385
644	818
343	1300
361	649
965	1283
999	1001
907	1572
1483	1940
19	723
34	439
981	2578
532	1235
146	1012
120	1288
180	801
450	624
190	252
232	1014
804	1667
192	631
216	219
167	988
2043	2314
197	1057
285	966
554	1305
232	1305
1246	2342
2003	2542
881	2142
174	821
674	822
703	911
450	868
498	1650
458	1801
104	107
252	603
1518	1997
732	900
939	1254
365	768
1280	2550
425	1949
242	749
552	1289
854	1022
122	331
117	1834
785	1564
623	630
900	1128
21	597
222	349
710	1165
158	635
835	836
1675	2284
1702	2254
1522	2602
640	1014
298	396
145	773
533	624
651	656
843	2232
32	1097
2282	2626
179	336
250	516
323	691
334	1121
395	1045
1268	1271
1114	1311
1040	1240
853	1275
117	124
448	523
1081	2661
120	394
854	1126
948	1261
193	816
325	724
441	1140
360	868
376	1083
1665	2003
439	1185
610	1329
43	2239
1201	1205
1196	1203
782	1485
703	836
924	1016
1936	2492
388	389
317	866
177	2137
474	1237
620	1316
61	2130
786	2655
39	505
643	2256
169	817
1662	1776
337	1100
317	699
577	578
332	654
2431	2483
1199	1202
748	2214
135	633
2517	2581
807	1043
1035	1038
777	988
192	1926
1442	1502
710	1135
589	592
60	1026
408	466
348	750
451	519
480	1104
362	1249
586	1293
82	2049
101	112
721	1178
148	1185
550	844
1805	2314
493	1126
171	662
190	471
15	1296
938	1213
1048	1097
252	262
585	1057
416	1453
32	1003
1467	2617
276	1636
754	802
643	1081
762	1479
1077	1449
533	651
2157	2427
253	329
102	110
1268	1279
385	611
516	1052
86	1151
568	872
1062	1173
394	807
257	2046
67	1172
520	714
396	869
364	969
533	1197
852	1477
759	761
217	1178
1152	1153
505	1298
1081	1082
149	636
332	1315
934	1237
720	1778
1334	1602
1751	2184
896	1146
1317	1319
1067	1416
35	1056
466	570
49	1719
132	136
328	872
444	1250
348	1166
759	1479
1396	2531
1514	2035
1917	2405
1056	1501
568	868
130	137
1370	1681
363	1236
333	1319
326	1957
417	754
252	614
449	454
572	858
276	1328
251	1513
1999	2114
333	889
500	1980
132	137
1209	2382
1270	1272
223	451
868	1042
902	903
1498	2224
823	934
442	553
1097	1211
552	2216
1165	1166
259	669
577	1343
364	371
916	918
723	1277
283	871
817	2340
118	623
595	1467
286	416
285	986
1747	1925
1557	2035
323	324
528	529
9	392
388	1280
1217	2597
584	1201
343	819
1520	1985
463	822
816	986
398	420
162	444
224	443
66	172
1198	1200
383	892
1581	1952
346	591
325	1242
1785	2334
515	1224
233	620
285	952
195	652
34	721
1010	1673
584	654
142	480
1374	1798
607	1024
1385	1397
193	348
101	130
2173	2511
1116	1119
40	42
998	1331
369	1323
161	342
362	846
1531	2188
1072	1079
179	182
178	1098
38	343
625	1351
404	651
125	2132
628	968
58	2408
168	2642
131	273
649	882
158	888
643	1199
1163	2391
622	913
1764	2528
1694	2200
1125	2471
739	741
207	242
271	1363
1040	1049
1174	1204
519	1316
191	1139
250	439
527	528
603	651
879	1764
285	1240
75	240
1023	2092
1842	1881
84	760
1197	1200
193	516
342	1876
27	29
374	744
195	1137
653	657
281	1022
586	1120
525	1949
741	1585
39	1036
947	1393
697	1098
131	666
94	2331
186	227
319	391
274	869
148	1196
70	1044
102	1185
674	729
136	425
952	1277
854	1298
737	1279
21	22
1169	1174
250	884
208	369
2588	2610
2189	2229
184	2314
336	2241
239	476
1684	2032
434	1663
1319	2132
732	1675
135	1060
1303	1304
9	232
200	1048
843	968
198	350
116	654
35	843
69	571
451	1172
129	847
883	1318
104	440
546	876
242	534
255	330
328	404
35	552
193	205
323	1040
1004	1083
534	1992
516	721
142	2473
193	1263
581	707
329	1351
1372	1893
656	1290
1312	1316
1586	2542
598	699
917	1491
742	797
670	1822
196	851
1004	1048
445	1182
256	1501
321	552
2024	2359
68	1083
582	1165
344	590
427	446
1116	1170
281	1318
1272	1867
1179	2535
150	1264
665	667
565	1305
410	838
441	1056
1081	1303
1024	1025
112	1176
20	22
451	454
197	519
1406	2544
1626	1946
39	275
236	1281
229	429
471	711
844	920
314	596
604	1035
134	979
118	1309
541	1394
395	667
1017	1019
963	1134
442	1585
265	1373
364	655
481	1141
39	1126
337	598
34	713
671	1192
585	660
547	548
486	491
570	1298
253	1198
560	566
1591	1626
1002	2100
736	1772
1255	2033
314	319
1505	1646
451	668
1825	2331
969	1085
295	2380
1203	1206
1384	1846
657	1721
334	858
644	1264
1373	2037
1282	1283
387	1268
926	1369
262	1176
655	1249
843	1289
158	1067
243	1610
195	219
235	2207
868	1197
1053	1203
759	760
180	1125
570	1063
568	603
463	777
71	1204
214	279
386	1194
16	1067
439	966
1253	2618
67	604
826	1128
101	110
723	936
392	1211
121	122
617	824
1168	1177
682	684
102	632
971	1949
737	1585
235	315
344	386
1198	2298
495	2247
103	614
963	1147
193	195
1121	1206
224	1241
721	884
70	1209
195	409
2115	2614
261	656
758	1789
937	2397
1173	1782
1072	1077
854	1145
550	1274
190	2476
469	751
721	722
1980	2044
281	505
2175	2448
587	817
69	1198
51	1403
664	1080
843	1210
390	964
969	1057
185	857
711	1042
2388	2403
523	1135
2051	2448
619	621
625	1055
22	1794
258	714
492	869
921	1982
274	492
667	1056
46	1403
84	1147
519	1061
1467	1483
572	1459
175	924
20	234
348	966
227	334
325	2590
1732	2418
207	515
976	977
323	952
241	922
869	1119
467	859
1905	2039
278	349
136	1290
223	585
124	1142
772	2620
327	422
1185	1402
1019	2586
827	1572
575	2453
111	1186
567	595
1100	1194
2360	2383
322	1049
443	1264
525	1290
562	924
1637	2111
765	1323
280	454
462	539
713	880
989	990
1526	2006
36	417
1155	1272
289	1909
121	887
376	1064
1266	1267
455	910
727	754
634	1053
219	253
331	979
1171	2462
411	412
634	644
713	721
889	1290
1250	1275
872	2502
941	2024
283	1536
487	490
1283	2550
935	1766
625	652
23	1270
311	509
494	964
767	923
335	697
1109	1783
1815	2438
1819	2013
108	846
1272	1283
21	235
1154	2475
59	559
255	261
447	785
585	1085
0	1927
152	1129
488	1847
749	860
46	47
587	1080
806	809
597	1506
34	632
1691	2586
418	1261
1143	1175
34	1263
364	744
207	1327
894	1164
85	895
1051	1951
853	1211
1186	1293
395	654
114	1288
2250	2524
673	1100
593	951
100	817
1139	1141
100	288
117	2180
2095	2584
682	2017
274	1172
1044	1047
80	1122
474	1725
117	1204
692	1512
846	869
257	668
640	888
24	1154
333	1109
1143	1290
407	1007
474	1105
378	2019
132	409
614	872
443	987
1206	1320
415	1059
637	1199
239	695
142	1157
1959	2464
200	853
1196	1207
722	987
1145	1150
196	424
657	1144
12	514
1081	2602
1187	1190
1363	2498
102	113
111	746
97	1639
1168	1171
100	988
605	2633
18	339
550	624
1371	2562
463	674
1293	2063
1136	1144
1876	2496
481	569
22	88
609	1201
111	113
924	927
1056	1057
964	1282
397	1109
362	620
723	1059
130	422
37	947
1499	2305
134	137
2205	2263
942	943
161	1396
495	2282
516	884
433	474
425	1205
492	604
300	305
481	519
316	318
276	603
430	2041
561	565
572	613
317	1147
1660	2538
2104	2618
1178	1277
374	481
896	2279
739	865
743	747
863	1476
505	1063
23	1147
712	727
1111	2095
2098	2121
550	554
173	1084
1465	2459
937	1528
108	1316
210	867
55	1185
890	1770
536	1331
233	1316
655	1329
857	1168
1651	2131
921	1203
671	697
305	306
3	5
418	1295
1520	2393
619	842
568	666
1291	2063
749	1261
1292	1293
533	872
699	1134
112	334
440	2017
227	839
420	705
1066	1181
233	362
952	1166
727	1304
686	1103
343	1014
471	868
731	1675
67	655
26	847
897	2044
109	1173
256	584
746	971
1146	1764
568	844
823	1080
619	765
467	2349
192	1144
465	571
2107	2429
934	1946
674	988
949	2157
271	2498
454	1194
472	694
38	1250
1151	2414
514	749
250	258
1114	1197
288	2059
654	843
64	708
889	1109
636	1129
1982	2132
169	288
1535	2011
653	1170
314	758
990	1807
1210	1212
766	767
560	565
603	1328
1292	1501
309	311
193	936
26	505
1282	1670
318	796
1859	2407
237	318
911	912
353	544
257	371
515	771
1181	1232
9	888
497	500
932	933
219	1137
1387	2118
274	1329
183	2314
194	1042
1153	2475
892	1709
1698	2166
636	988
314	588
2076	2144
271	791
102	148
447	601
309	1563
150	937
571	1459
1018	1193
952	1263
1730	2235
232	444
101	106
694	906
726	1461
169	934
327	1113
852	2132
437	2563
1028	1730
1064	1065
169	822
168	169
79	2462
471	1274
16	888
1358	2625
703	1255
1024	1026
1200	1203
1063	1298
311	1219
217	222
1059	1065
383	694
235	1152
857	861
16	38
249	320
12	482
148	816
365	1319
608	1311
2284	2432
321	843
2203	2536
474	664
427	1718
1099	1101
798	1904
565	1775
185	394
1365	1627
570	1150
1524	2603
669	1317
531	1902
632	750
1281	1933
600	1272
924	1369
553	1046
1964	2586
876	1012
278	584
87	1280
218	219
1348	1800
323	372
362	585
178	180
392	1003
348	415
738	759
604	1714
434	476
1052	1053
195	861
167	674
1748	2037
1591	2104
439	1196
242	271
71	117
235	1486
305	496
102	250
241	242
1621	2428
108	481
883	1298
712	2036
71	2053
93	94
467	863
2311	2584
135	552
328	471
335	338
334	810
1214	1256
585	1329
2139	2412
271	1163
136	453
217	516
804	805
217	632
230	776
1269	1271
910	1327
827	828
1730	2219
694	695
288	459
56	109
115	1044
442	1119
657	810
1948	2568
19	34
105	1169
197	199
130	1113
362	1141
150	198
193	201
1093	1105
138	1127
1634	2323
485	487
223	1141
571	625
1031	1995
468	884
2025	2357
24	90
634	2016
393	766
12	1351
2075	2588
435	2540
1489	2639
1953	2505
947	1073
1426	1575
751	1241
1145	1298
482	2362
1514	1880
2112	2266
370	371
135	196
200	204
571	1043
610	744
591	599
103	276
152	1237
487	489
69	551
320	322
249	251
2224	2456
657	1121
751	937
468	723
1263	1264
434	1998
321	1315
323	449
1014	1064
690	1276
834	2035
924	925
332	349
575	763
195	205
744	1329
777	1237
705	1380
197	1329
749	1030
699	2503
307	2426
194	614
482	948
449	468
758	1279
1298	1568
620	1035
980	1501
674	1715
955	1022
443	751
711	1114
1970	2472
695	2007
67	660
1030	1327
519	1046
554	1048
505	847
333	1175
176	1074
1063	1318
812	814
964	1779
108	233
868	869
180	740
1179	1248
1425	2026
597	2495
285	1052
915	918
25	797
474	822
270	1759
443	1180
390	730
1273	1275
236	795
2090	2601
388	1269
214	802
1055	2436
469	987
630	656
2022	2411
1981	2423
107	1292
1220	2296
474	479
158	392
312	518
1311	1313
636	638
127	817
116	584
1911	2398
253	807
2017	2628
371	2049
807	2017
23	25
1105	1237
395	1289
1351	2087
475	704
148	986
564	2609
1557	1988
970	987
451	492
618	900
60	76
2117	2609
1109	1143
137	858
73	1103
1187	1436
140	344
385	554
1083	2322
716	1548
729	817
186	657
1561	2151
847	1150
819	2061
500	1650
681	1699
76	1026
258	286
245	1514
971	1001
168	991
459	817
515	791
745	747
1253	2599
258	350
89	699
771	1876
348	952
843	1292
374	620
514	567
365	838
952	2038
371	1046
1425	1736
77	2462
440	1055
437	2023
1200	2298
1995	2265
38	635
1098	1102
509	511
648	1242
215	837
139	141
791	1295
780	906
611	1004
585	655
782	1367
389	2447
650	1113
563	1017
236	1153
1269	1280
1198	2017
559	561
398	476
35	1315
451	1057
730	761
430	804
298	744
148	285
723	952
380	2019
68	640
846	1329
439	880
880	1185
338	2470
1897	2515
576	1066
604	1141
478	2065
661	1014
623	625
23	389
492	1329
2184	2579
980	2462
149	864
64	1398
1007	1033
1	1927
129	1298
376	611
112	858
1655	2533
38	68
818	1241
714	1203
218	276
241	1259
1528	1773
250	721
104	861
643	645
132	1288
597	600
1409	2275
1057	1085
372	1240
694	867
617	778
303	997
291	301
274	364
158	611
710	1309
21	759
298	1172
116	123
126	631
777	822
2139	2641
1190	1224
801	1281
169	664
2273	2512
449	451
404	1274
101	1291
127	659
636	674
449	452
1256	1874
2096	2497
455	1224
548	727
822	2068
739	1133
625	861
559	560
758	960
1832	2451
1259	2521
389	590
311	1805
334	1721
535	1433
860	1030
609	1356
583	1020
927	2536
1384	1902
630	971
514	1295
384	475
126	1206
1006	2603
276	666
1924	2107
608	666
635	1004
660	846
37	1607
24	796
101	320
350	416
139	2497
885	889
333	1205
889	1205
668	1085
1190	1295
929	2396
655	869
328	2313
1869	2488
324	1173
1414	2617
2143	2645
122	1209
844	845
732	826
222	1056
640	1905
387	391
69	1137
36	712
382	1646
220	945
438	1130
667	980
1007	1011
1453	2594
497	911
108	1172
590	2374
622	906
365	410
1901	2179
880	1652
382	728
298	604
126	810
175	301
34	1277
636	777
344	866
624	1054
880	936
136	768
105	1592
32	635
1469	1612
252	1114
1993	2330
701	2503
124	126
166	1323
531	904
1420	1677
757	847
32	1211
16	554
836	911
133	1200
145	734
595	1031
466	955
55	217
2308	2346
1315	1317
245	1557
135	628
1599	2132
222	1315
1162	1949
619	1304
25	2637
969	1172
208	214
20	21
1410	2277
196	980
760	1125
699	701
1971	2215
985	2607
264	2457
61	354
1067	1305
1171	1174
35	36
218	1054
687	1865
107	1060
307	2549
1080	1081
36	1107
862	1149
453	838
232	1003
1135	1195
416	921
177	899
109	416
382	867
270	1509
863	1320
35	609
441	1171
38	162
554	661
650	885
36	809
1089	2188
90	91
656	838
87	235
496	1259
463	2311
132	857
180	866
39	847
659	1952
459	822
551	554
388	2447
945	1764
808	2256
906	2166
485	2380
686	1146
9	452
953	1453
1073	1074
813	1388
569	668
2026	2475
219	224
1630	2114
289	419
885	1291
622	950
636	823
546	2457
420	695
70	191
1197	1201
194	1054
114	117
973	1899
2304	2578
1188	1684
1288	2034
1511	2379
286	1453
2042	2653
68	1250
647	1032
348	349
84	386
1352	2050
433	664
398	1689
102	986
81	83
746	1319
89	317
2299	2420
2412	2535
1641	2127
34	323
392	554
481	846
219	861
439	468
2000	2236
387	1279
532	1384
575	577
229	781
714	921
726	2458
1040	1166
2569	2615
375	722
667	764
131	614
368	1762
1441	2081
1162	1290
947	2045
125	410
595	749
1703	1720
73	1764
113	228
108	1585
218	624
104	1351
505	1236
569	1035
420	498
1055	1288
1042	1114
1186	1949
573	958
1573	2445
214	621
383	913
345	346
1824	2446
562	566
322	365
257	1172
425	889
105	1199
572	1176
753	767
476	1474
801	1153
428	601
1154	2026
1473	1542
2057	2621
605	1103
1042	1048
1937	2344
1456	2169
404	1197
792	793
633	843
946	2191
527	529
374	1035
370	583
492	569
515	1163
425	1186
248	445
1063	1145
970	1062
1228	2353
1241	1278
72	467
40	2239
1754	2374
612	2132
459	659
986	1196
371	553
331	1209
481	1035
1010	1011
921	1278
199	208
273	920
611	1014
146	1716
1837	2113
396	604
1074	1076
603	614
1329	2143
743	745
35	584
481	1057
127	674
1853	2022
625	1115
1202	1203
2007	2495
25	391
9	640
327	334
103	450
560	817
393	1135
149	934
110	259
851	1171
1486	2207
1220	1222
1056	2462
596	2495
1133	2367
1211	1300
1033	2638
210	239
298	655
968	970
194	1197
584	609
158	554
343	1250
572	1320
164	760
1842	2119
628	1060
948	1620
121	1116
471	666
130	766
1031	1265
349	1315
1054	2286
668	1329
1115	1118
1035	1249
703	1962
415	1287
341	2472
1453	2443
196	667
799	837
65	66
1936	2628
1098	1192
653	887
614	844
135	1923
1265	1421
527	2504
961	963
178	671
232	853
1814	2301
282	2084
964	1154
102	1052
560	1237
1467	1940
961	962
871	1032
451	655
1618	1871
327	582
1469	2618
297	1809
130	623
794	962
68	1876
2084	2593
1978	2474
242	948
1249	2512
207	342
550	1114
1578	2292
279	1747
231	2477
374	655
621	765
459	463
37	638
152	560
236	1100
321	851
240	756
348	1487
713	1196
220	1303
850	2050
396	1329
583	2243
116	117
1724	2342
385	1305
433	674
347	1162
55	713
173	2551
694	1659
1312	1314
35	424
1256	1623
1426	2565
1230	2353
1479	1952
433	777
264	267
185	1043
546	993
619	1526
35	256
415	1052
1391	2607
742	1903
315	597
197	869
449	1277
640	1305
373	633
393	395
1166	1178
35	222
163	194
133	255
193	713
87	759
795	1100
767	1000
971	1293
328	1197
1538	2403
666	1054
287	1592
671	672
277	643
762	1155
473	1310
1251	2090
1776	1922
1881	2162
73	686
144	894
800	2453
395	1210
236	1147
1284	1285
223	553
198	1062
530	2504
654	1060
316	1924
418	1163
965	1538
323	966
167	1129
695	941
837	1777
1595	2125
227	1121
1273	1296
305	748
1054	1057
628	2462
109	644
364	492
1925	2402
441	2462
1098	1123
324	1180
455	595
869	2133
227	613
358	593
119	550
936	1185
1135	1143
163	360
1218	1221
1280	1282
1741	2148
1030	1224
27	2335
1653	2659
1245	2342
333	2313
426	1297
1651	2385
1427	1945
187	892
136	137
254	1081
275	1150
1045	1046
38	554
923	926
1852	1991
417	802
547	1645
1117	1139
158	1048
462	2101
225	1142
235	759
1258	2521
238	592
150	921
378	380
116	196
236	1194
983	2607
979	1139
280	1075
223	610
194	200
586	838
287	1564
2009	2538
278	1210
329	1198
254	643
12	1936
295	2401
1084	2074
837	2335
236	1270
23	866
402	622
343	1606
59	820
1201	1315
409	571
89	1153
792	796
1055	1137
482	1031
9	565
621	1323
1375	1877
1852	2610
1624	2230
187	420
1072	1075
67	442
103	550
218	568
1826	2389
1323	1330
1123	1125
389	866
120	125
527	530
468	713
758	761
257	1585
857	2034
692	1392
516	691
1567	1935
553	1085
1246	1724
660	668
1628	1886
65	2479
1564	2272
2	1368
1963	2410
621	727
1135	1137
2015	2282
979	1314
1558	2074
36	2478
186	863
941	1488
122	123
622	780
901	1072
352	2600
158	1617
379	2019
1214	1215
1119	1120
255	2046
362	442
119	614
798	799
273	608
2241	2280
39	429
255	1513
1843	2120
216	523
586	1385
12	534
1500	1957
1478	2282
659	1080
634	921
150	953
69	195
1216	2470
259	1174
207	860
1310	1312
1267	2292
118	710
32	2395
1066	1067
1393	1914
652	1168
272	275
655	1202
360	1197
1109	1949
21	388
1006	1007
444	554
567	2220
1638	1901
983	2527
1137	1140
799	1096
2451	2576
311	1230
1209	1543
899	901
198	201
417	504
1115	1121
1100	1270
969	971
632	1185
614	1274
921	1053
2036	2484
604	1057
420	434
107	552
53	546
382	772
913	2384
369	417
1030	1876
1902	2405
893	2508
133	221
644	921
323	632
68	1362
919	2326
271	1261
818	2619
34	1059
432	1159
2371	2492
861	1198
1309	1317
37	2213
649	1257
947	1096
750	1240
84	1125
2558	2578
26	955
375	921
163	872
585	604
864	1093
636	1093
278	1056
175	176
161	1876
575	685
256	373
252	1054
236	866
621	1304
116	609
285	1287
2002	2435
158	376
278	980
1389	2525
1169	1303
287	945
815	2199
771	860
81	1009
278	968
1936	2185
1992	2261
215	947
39	757
119	125
191	627
1136	1143
86	758
67	620
136	2132
34	691
675	2193
1119	1585
1369	1816
110	1204
976	1325
90	730
2094	2583
417	1323
249	2046
369	1107
763	1248
1218	1229
240	2105
238	1155
314	316
1569	2433
142	820
1442	2307
963	2058
1653	1767
837	856
1280	1281
371	1585
124	1174
458	470
934	1364
193	323
580	1258
917	919
722	937
226	1205
868	872
102	966
273	276
796	964
572	859
67	569
699	1281
2016	2032
830	833
227	1176
1020	1022
515	1030
1384	2350
187	941
410	1290
93	96
198	751
38	1300
317	1281
283	1032
344	699
200	203
123	968
398	728
333	397
424	851
584	628
125	586
308	309
691	952
1149	1648
1442	1753
148	323
804	1928
638	1073
481	610
652	654
130	1309
48	1719
200	232
315	317
216	393
805	2104
320	1195
126	613
622	892
1858	2350
349	2356
962	1779
687	1344
1863	2338
2200	2237
321	1292
1240	1955
166	1107
1258	2282
332	1448
2133	2639
109	1453
243	1857
644	1453
1175	1319
838	1949
826	2566
2038	2509
139	900
1178	2412
450	471
1601	2473
257	364
409	1351
23	1153
712	809
313	2586
564	565
1141	2049
1165	1168
275	1022
1692	2197
418	1224
1823	2384
1425	1900
656	768
198	921
72	859
89	90
1042	1197
881	1798
299	805
856	1096
2048	2390
73	143
101	1165
252	651
365	630
934	1105
886	887
687	777
17	1242
1279	1929
111	1175
137	227
466	883
1287	1288
374	1085
52	1164
449	1040
1792	2353
41	42
56	150
371	846
317	319
1599	1982
1206	1721
1325	1526
148	415
252	1274
739	1585
298	481
848	1697
486	487
948	949
185	571
167	1080
324	634
1729	1780
944	1488
274	2530
510	512
1138	1200
554	1003
915	2577
616	922
509	512
324	953
140	740
1769	2603
361	2453
34	250
216	1291
1256	1297
454	795
193	250
102	1240
386	1125
1373	1839
173	999
624	666
365	397
1340	1814
20	588
828	832
140	1147
104	857
1726	1873
1027	1626
239	705
820	2068
1786	2345
2432	2450
370	1020
658	659
397	1293
851	1501
1253	1626
516	1277
654	1171
867	906
118	320
314	792
1984	2531
1588	2400
16	1058
383	772
9	1721
101	327
765	1107
448	454
288	433
137	186
1055	1198
5	6
1057	1119
534	1163
505	1126
304	306
249	250
628	1210
398	772
1625	2499
328	329
1657	2635
1325	2217
108	620
250	253
604	1172
1142	1317
474	864
611	635
381	2530
220	643
2087	2371
1695	2417
246	2651
93	99
1125	1849
633	1171
1604	1856
22	739
138	141
1969	2118
1262	2521
923	2235
35	196
780	892
382	2310
465	1790
255	1200
140	389
116	633
191	1926
122	1314
1456	2320
938	1704
329	1448
1894	1914
242	1967
327	710
425	971
1866	2376
277	1081
169	864
349	350
71	1142
471	603
161	791
277	1169
1167	1173
1118	1292
1456	1469
928	2085
1625	1878
337	590
1379	2077
1035	1046
108	451
237	591
338	700
1166	1169
273	711
408	1145
562	563
421	848
226	525
234	1486
1033	1035
953	1053
443	1047
1213	1815
2373	2650
200	1058
441	1045
198	1173
622	695
820	1157
1070	1072
801	963
15	1983
298	2049
86	91
1277	1287
888	1067
1310	1315
19	55
825	827
408	781
330	333
863	2013
580	1130
1012	2107
798	2453
48	51
609	851
1277	2186
257	569
937	1241
82	335
2240	2516
1163	1295
1085	2074
668	1046
262	572
448	885
324	1453
576	1343
229	281
151	2635
621	1860
1056	1210
193	1240
553	1119
980	1045
2031	2082
963	1153
278	628
1149	1150
451	1141
186	858
659	864
275	854
40	283
191	2476
111	125
67	362
656	1949
1042	2128
1538	1779
1110	2095
154	2004
107	108
152	659
276	1311
802	2653
280	590
442	846
1033	2289
469	1203
1679	2560
344	1075
401	580
567	1224
390	591
425	1162
1056	1171
1506	2495
1154	1282
845	847
584	1315
1054	1274
273	471
640	853
851	1210
103	107
1188	1436
966	1546
115	1117
592	1754
2028	2639
623	629
465	1115
1916	2319
143	358
107	111
346	2267
479	2467
1432	2295
281	1126
791	1190
758	759
120	440
127	729
244	1156
48	50
144	545
2095	2607
272	1785
144	715
150	443
553	2216
722	1278
639	698
19	1040
953	1062
492	610
425	838
733	2432
980	1925
1967	2588
120	1055
134	331
1014	1048
66	1574
672	1575
750	936
656	1049
1767	1918
402	941
260	745
594	2337
433	1129
469	818
395	1201
882	1248
798	2410
222	968
730	1883
288	1080
2423	2465
406	2205
217	468
55	285
435	2399
650	1195
217	723
824	2566
1115	1288
437	1764
984	2607
298	569
218	224
153	431
704	1962
553	610
968	980
853	1064
317	318
242	1261
439	441
329	1115
668	1202
612	1290
673	1270
25	592
1047	1173
281	1400
474	1474
1060	1061
336	1066
543	908
884	1185
685	1248
507	513
382	472
180	344
585	586
198	258
162	452
219	465
643	1169
764	1292
2	7
225	227
425	612
282	678
714	1264
32	640
137	334
425	1001
606	607
1259	1260
441	1292
197	233
663	695
157	2027
392	452
246	1164
1275	1276
1014	1340
106	1116
349	628
1227	1403
693	1392
344	1281
817	822
595	910
1426	1822
244	891
1041	1045
482	1261
731	733
747	2650
136	365
21	2637
888	889
792	960
409	2034
258	1513
1974	2592
1022	1149
722	1241
332	667
396	668
325	639
1175	1186
1191	2117
622	728
441	667
152	167
217	323
4	380
44	1388
214	727
791	1415
743	753
2037	2587
532	1902
1129	1397
103	533
750	1674
957	1544
1227	1230
1544	1694
687	817
783	1367
146	840
807	1055
1454	2166
1075	1153
1584	2451
35	2478
633	1118
453	454
758	1479
626	1170
425	1049
18	1972
1046	2128
1202	1329
70	979
108	492
242	2588
125	1205
691	1263
691	1040
83	2253
946	947
1476	2013
76	176
1350	2561
936	1263
1315	1319
2337	2617
331	1314
582	585
519	969
635	1014
38	1275
969	1316
150	1053
471	1042
2077	2544
1683	1800
1681	2236
109	224
317	795
1064	1275
181	1101
174	2014
1384	1858
2232	2567
635	819
1457	2661
597	1152
34	1052
585	620
622	867
363	955
115	2382
554	1275
232	376
600	1283
315	1152
1802	2479
866	1194
179	648
656	2132
750	1196
229	862
1043	1850
458	892
516	966
278	1636
527	1834
398	400
322	333
17	724
59	370
364	1172
795	1194
1509	2230
1587	2286
761	762
1880	2231
394	652
744	869
449	713
2104	2599
395	968
1784	2407
81	2394
852	1162
133	1923
25	742
1091	1092
118	766
746	1175
294	1919
136	1143
482	910
702	2178
451	553
1200	2573
1641	2373
953	1264
1014	1300
843	1315
1052	1178
329	571
440	465
975	2200
334	631
185	807
105	106
271	515
396	442
617	731
1760	2379
83	1018
349	1118
261	1949
68	200
328	1114
404	872
293	1248
1195	1291
140	699
633	1060
364	1119
300	616
392	1058
194	360
125	136
475	912
1087	1089
142	407
2050	2324
1228	1632
440	1198
1898	2403
125	630
591	1154
746	838
123	633
1565	2225
195	200
120	807
924	926
257	869
257	258
660	1141
38	565
1045	1060
127	167
246	247
937	2054
21	23
110	113
221	228
110	1317
581	784
857	2017
2064	2563
1040	1044
148	1059
794	1133
242	1876
1387	2247
349	654
407	480
194	204
845	923
445	446
261	768
1432	2079
26	570
294	1935
1172	1202
12	791
12	1031
953	2038
426	1256
757	781
271	1031
116	1210
1697	2592
751	953
86	90
1484	1793
530	2003
51	2616
1194	1573
66	1561
118	523
106	107
2165	2633
94	1235
104	2017
111	2132
515	1641
948	1112
94	973
706	1962
440	1979
387	960
196	395
1091	2309
411	1679
278	2462
2338	2618
599	1282
162	853
1327	1701
374	1872
2386	2647
898	900
670	767
666	667
947	1082
292	1019
32	1300
17	1066
1106	1107
455	1265
103	1274
100	1105
1118	1501
1048	1064
9	2339
1196	2573
2320	2338
1050	1051
1114	1115
771	1265
408	570
249	258
1005	2357
256	259
398	913
1757	1773
223	257
217	1287
723	1185
565	1083
1147	1270
952	1185
853	2254
1535	1690
182	577
801	1134
1345	2338
363	1022
365	656
978	1925
298	660
612	746
1612	1720
455	515
1209	1210
1660	2335
121	124
86	314
1494	1747
350	818
55	632
82	671
1914	2191
269	1110
1354	2067
633	1210
339	577
434	913
1132	2459
1059	1196
1647	2527
568	624
632	936
1390	1648
364	442
740	1075
347	2132
257	585
103	328
395	851
108	110
229	955
250	251
754	809
844	1274
348	468
515	526
135	278
869	1172
298	1678
40	209
824	898
1002	1829
351	2082
629	630
802	1323
952	1059
1287	1554
612	1293
131	360
493	854
816	1178
1464	2613
1090	1092
392	661
952	2184
222	441
599	796
333	334
1273	1274
486	489
1112	1190
1196	2298
1415	1845
433	934
19	1178
214	1330
322	347
444	1003
470	622
583	1007
67	257
422	424
108	869
36	166
764	1501
2269	2542
807	809
416	714
158	1211
1168	1174
159	1388
364	481
637	638
55	1166
1160	1162
252	1328
649	1248
474	636
46	1719
961	965
840	2190
1061	1141
371	585
831	2566
119	568
233	1119
218	252
321	1140
531	972
699	963
156	2293
109	324
466	1063
338	339
614	868
721	1052
474	823
526	1112
1663	2540
1392	1978
557	558
1593	1844
121	123
843	1045
1182	1214
758	760
398	1444
609	610
222	764
280	963
473	848
1593	1697
1655	2068
692	1258
1179	1257
163	920
1210	1315
343	635
242	860
474	659
333	525
315	589
1073	1076
727	802
130	327
1021	1301
518	1016
1365	1879
722	1203
1787	2518
86	89
759	762
23	2355
187	458
925	1017
336	576
852	1949
86	960
1149	1318
913	941
731	1127
1703	2599
204	205
659	988
279	504
523	582
684	2628
273	1311
198	1047
209	212
179	1181
154	1366
714	1278
120	1043
281	781
642	1788
119	624
596	960
333	768
713	1040
1914	2528
1167	1328
382	476
660	744
1359	1506
136	838
383	458
672	1822
185	195
101	1309
11	696
89	740
227	1320
275	1126
2054	2593
759	1280
228	1177
1329	2049
834	2302
452	1211
285	721
68	1097
395	628
351	2366
1865	2355
716	734
1224	1265
600	2495
197	610
89	1194
372	377
138	1510
600	1506
1035	1037
258	634
740	1100
274	1046
376	1872
1166	1176
523	1309
1003	1004
880	1166
1210	1292
237	741
298	1329
236	386
667	851
256	628
337	2642
234	1151
1201	1202
1070	1079
1605	2082
2048	2228
119	121
67	1249
576	1232
26	1318
382	906
550	568
221	626
1439	1892
741	1883
1639	2634
1232	1233
872	1274
242	791
108	111
296	1413
666	1274
84	140
72	1320
1810	2555
607	899
1036	1236
719	720
233	371
520	987
777	1129
1379	1634
132	1043
108	1085
1118	1119
375	970
186	897
1195	1201
256	1513
398	780
410	1319
1303	1305
1617	2369
246	715
717	993
327	393
90	591
452	1067
634	953
336	724
839	2167
1000	1001
222	552
631	1121
605	1764
482	1492
104	807
751	1203
231	1597
170	2208
56	198
603	1714
590	963
194	568
415	1040
1777	2335
885	886
713	723
623	1803
216	224
1611	1862
193	986
729	1105
441	1501
2097	2588
274	1141
838	1049
1186	1205
106	112
911	2384
1249	1316
629	1803
178	181
116	424
20	960
57	2408
1963	2117
609	1289
55	936
667	843
1271	2424
1324	2454
210	472
498	694
657	858
1064	1305
1050	1951
167	288
767	967
668	1119
232	640
714	1062
1818	2324
253	261
652	1198
149	822
328	1311
1475	2008
630	2132
217	449
392	1305
6	1368
104	1115
1047	2128
646	958
1030	1295
257	298
219	220
288	934
319	762
2041	2571
126	1320
1664	2268
1062	1063
737	742
127	560
252	260
102	285
1137	1312
495	1130
433	1490
906	1454
1048	1275
1217	2100
100	1787
599	1506
1132	1838
111	852
436	1612
409	2597
527	1366
1134	1270
1250	1305
2584	2607
24	1271
224	324
1017	2010
750	1166
197	1249
74	573
1862	2317
1628	2502
751	818
415	721
2020	2634
474	988
39	1150
278	424
310	1563
1169	2256
1048	1305
187	382
148	193
587	674
667	1315
633	654
304	1130
233	1615
164	1270
1808	2084
1173	1241
859	1176
691	1196
516	1240
130	1135
1280	2278
516	521
48	2616
757	955
75	1422
396	655
1457	2602
793	795
417	2351
372	1277
149	1105
1080	1457
972	1598
851	1118
150	1453
115	134
108	371
760	1134
199	1323
792	794
1057	1061
1056	1289
1020	1084
1184	1185
610	620
479	2065
439	713
699	1075
239	892
362	374
317	344
416	722
173	1020
1558	2509
262	1121
1149	1298
677	790
819	2340
442	444
715	894
606	898
958	1893
1056	1060
321	980
378	381
2185	2628
298	610
897	1176
250	254
685	882
275	1145
224	375
248	1256
1849	1893
1346	1934
1288	1554
657	1206
1208	1254
108	604
507	511
741	1282
63	2084
328	333
187	728
890	1179
498	867
536	1753
667	1045
185	2017
58	774
585	1172
624	1562
317	454
347	971
187	780
146	1294
281	862
1315	1501
1945	2652
648	698
835	958
450	533
298	1202
1203	1204
278	552
1350	2033
551	807
114	1115
107	628
1181	2535
609	1045
705	906
215	1082
589	961
370	1007
1823	1947
1165	1167
1326	2122
39	1236
23	590
612	1186
1397	2259
549	1677
426	445
584	980
1387	2070
1309	1316
1101	2470
281	1236
383	705
587	687
16	611
1028	1417
194	198
2192	2466
1150	1298
593	896
1999	2459
710	1291
831	832
943	944
443	1062
451	1119
1207	2298
119	218
177	787
918	2021
683	2650
819	1003
509	1553
233	257
454	866
1831	2395
1112	2095
911	1823
853	1058
440	625
235	589
515	534
458	476
817	2061
395	980
1369	1853
682	2221
2242	2581
210	211
277	279
816	1040
493	781
537	1502
107	373
256	851
128	1819
454	1281
466	1022
1056	1292
109	443
226	586
404	868
163	1167
320	523
594	748
588	596
661	1300
104	110
948	2157
328	1448
1203	1207
273	360
235	597
218	550
882	1257
1371	1738
444	1014
136	333
187	950
337	801
1463	2330
1	1260
1040	1277
56	443
1902	1917
429	1036
276	1167
537	2307
2210	2527
102	884
1140	1201
424	609
552	1056
335	336
1547	1651
233	396
235	961
111	1290
178	1123
253	625
634	1173
568	614
254	2046
433	864
1441	1459
1125	1270
1800	2420
385	1004
1699	1933
536	995
132	134
1244	2342
687	2149
103	218
603	1114
1309	1318
1767	2048
1271	1272
544	1002
1846	1858
372	1178
1018	1019
937	1773
84	2049
152	729
1389	1645
692	2654
34	449
323	415
1712	2611
1955	2459
416	1264
1306	2084
384	915
625	2017
1081	1592
655	846
239	398
429	757
955	1318
589	1269
1318	1320
755	1452
822	934
797	1155
219	652
185	409
628	654
650	651
9	2005
71	669
122	191
553	1249
80	2198
35	321
844	1054
408	1298
711	868
197	204
598	801
288	1105
898	1127
1738	2028
656	889
172	2530
811	1883
2254	2382
1670	2550
820	1033
1488	2024
1540	1558
227	1989
397	410
854	862
917	918
217	750
1510	2228
222	584
195	1198
816	817
198	1453
913	950
1462	2329
2047	2260
955	1298
1036	2638
420	622
743	845
1140	1292
703	871
617	618
448	766
352	1704
937	987
630	852
459	988
533	1167
155	2027
1658	2261
1304	2401
1590	2549
2030	2421
913	1947
1155	1736
552	667
550	1054
844	872
495	1969
702	703
309	310
148	936
449	632
1428	2392
1088	1091
922	2235
644	751
819	1064
494	1883
858	1721
980	1315
1896	2343
951	1086
245	2240
160	1189
448	453
1004	1014
1583	1831
396	585
356	1621
21	738
445	1256
21	961
721	880
115	627
373	1872
55	468
459	664
325	1181
1228	1734
1281	2550
1035	2049
521	2586
238	1283
349	395
620	869
807	1288
726	1496
819	1048
287	808
773	875
1115	1168
763	882
20	2355
1812	2371
81	84
216	448
169	1093
888	1058
691	1178
971	1186
808	1443
866	1100
585	846
644	714
5	1368
199	754
162	1971
210	728
162	1067
750	884
59	1020
327	650
1822	2565
673	699
34	217
617	898
9	611
261	746
340	2093
364	1249
1276	2138
1195	1197
851	968
459	1906
107	980
329	2313
592	965
498	892
121	1138
308	1563
2146	2538
1290	2132
1197	2298
67	869
791	1327
234	758
2123	2616
656	1186
455	1918
1467	2060
26	1236
635	1250
1048	1049
55	750
728	867
1193	2253
625	1043
372	516
43	1527
495	1106
371	374
37	1096
374	1141
286	1278
614	624
210	458
199	201
386	1153
1291	1292
397	1120
1106	1110
239	772
1924	2653
740	742
920	1114
237	1486
444	819
569	2049
2047	2316
604	1202
673	1575
752	1633
1040	1059
88	89
632	691
645	698
173	820
1111	1112
921	953
624	630
1314	1317
619	1330
362	610
912	1947
1517	1766
1530	1922
1022	1318
371	1329
610	1249
152	459
416	443
200	1067
325	576
130	393
945	2528
1611	1743
661	1083
981	982
851	1289
1489	2028
36	1323
783	1308
167	1237
558	2318
1949	2233
362	396
101	118
467	1320
1748	2646
404	666
1178	1854
451	1085
733	1675
1598	2069
274	481
394	409
226	333
91	319
197	744
604	620
714	1047
1016	1018
571	1115
1668	2426
150	634
9	38
1269	1270
150	1047
1041	1042
569	655
1140	1143
137	810
468	691
1210	1211
816	1166
750	1263
570	1145
1045	1047
1006	1010
1841	1877
97	2124
175	518
983	1507
1170	1782
16	452
695	2547
553	604
319	965
1099	1100
336	2642
1432	1581
1744	2250
553	668
422	582
258	443
477	2065
707	784
148	2635
614	1328
1196	1198
962	965
1399	1861
799	856
1496	2085
618	2136
430	1024
2390	2562
361	882
167	777
60	176
1224	1944
1226	1228
570	847
398	941
12	1163
480	1084
1918	2659
770	841
254	945
1433	2296
263	2046
374	519
1042	1167
115	2180
375	987
442	1061
825	1301
2031	2526
104	329
1048	2128
329	330
36	621
250	936
374	569
1812	1936
674	777
496	616
245	2516
907	2166
1180	1203
106	121
274	1785
455	791
362	604
946	1914
1219	1221
383	906
905	1156
177	2022
722	1453
373	374
226	425
9	1058
608	1114
1391	2095
1003	1305
375	1180
2025	2517
146	717
899	1238
1007	1157
408	757
316	865
102	372
623	1195
209	911
1074	1591
1319	1949
987	1278
360	844
1136	1167
216	225
851	1045
342	791
365	1293
781	1145
453	1049
332	584
125	1143
257	1513
1085	1558
810	1206
1138	1142
346	599
1622	2625
872	1628
192	897
687	864
42	1519
328	533
1205	2132
168	811
291	518
761	1271
963	1194
402	498
1250	1375
137	467
847	1318
93	95
565	1064
551	1055
373	1210
142	1033
163	844
760	1153
568	608
485	1847
183	688
925	927
551	552
703	1380
1250	2512
325	336
257	1141
714	1173
136	226
948	1265
424	1292
586	768
108	969
712	1639
480	559
884	1166
581	2361
10	929
173	176
217	348
38	819
108	298
14	1692
437	896
152	1080
322	586
123	654
32	1014
1057	1141
586	2243
129	1150
2014	2551
261	1162
323	936
754	1107
931	1840
108	112
161	207
946	1764
608	1054
90	1883
329	807
68	1275
442	660
1069	1253
1240	1242
1183	1896
11	447
227	2106
199	1330
257	969
8	1331
1889	2573
713	714
1166	1196
1141	1144
341	748
90	599
226	852
272	2131
1584	1832
217	250
249	448
300	922
1035	1061
19	632
197	668
603	666
520	953
389	391
256	1060
525	1049
935	1364
347	1293
239	458
459	777
923	1369
1041	1043
571	1198
410	2132
2141	2413
560	1129
1702	2229
1113	1119
810	859
282	2571
635	1211
1089	1092
198	714
486	490
459	1129
130	885
846	1811
1520	1654
1022	1900
348	350
1347	1799
1702	2382
408	1150
1006	1673
1061	1062
911	2500
442	1085
185	1312
579	1343
519	1202
292	521
1884	2617
1266	2292
278	321
450	454
889	1001
1030	1112
751	921
920	2336
853	1702
1656	2391
389	390
552	2462
631	897
1431	2569
346	964
1790	2349
196	201
451	660
340	2376
470	906
111	1049
437	879
595	1112
952	1287
383	622
190	1274
658	2657
687	1093
215	799
323	1287
20	24
1605	1713
267	1373
239	780
1080	1105
278	1494
298	1035
542	2404
91	391
562	1775
1415	2552
560	636
1806	2080
273	651
862	883
1383	2518
179	325
428	785
807	1312
76	564
1994	2264
350	644
1120	1205
1967	1991
585	969
94	1825
248	1182
106	330
178	2181
1288	2017
1149	2252
1202	1249
1076	1591
584	1060
1575	1822
604	660
333	1949
693	1512
256	1056
239	420
250	691
429	781
372	750
80	2394
2037	2154
388	597
1405	2609
1042	1274
326	871
465	857
67	1057
320	1672
1429	2394
127	1129
898	903
233	1085
69	120
395	584
1832	2399
285	816
193	449
1066	1242
415	966
132	394
34	285
1301	2091
458	2422
185	329
2471	2507
323	516
291	924
1227	1734
1269	1867
688	2482
262	863
2182	2624
197	1141
717	2536
329	857
89	590
1716	2224
208	727
214	619
1355	1939
1132	2114
907	1454
130	131
1920	2263
474	1080
565	1058
120	625
295	1665
223	1046
728	892
224	818
818	1203
1115	1120
1125	1194
1049	1175
400	1689
763	2453
443	634
829	831
281	883
447	1243
298	374
518	562
449	750
333	410
1572	2166
2191	2232
120	1137
475	479
32	1048
815	2042
608	610
216	228
1470	2340
135	654
106	113
209	836
968	1501
112	1121
1205	1949
884	1277
1283	1933
386	963
526	595
360	920
801	1075
1040	1042
251	263
498	695
140	454
140	1075
465	1312
334	863
164	454
619	1107
70	1117
549	1570
495	2118
1300	2129
226	410
868	1136
507	2597
256	262
469	634
72	657
492	668
315	759
947	1914
1085	1202
429	1150
1009	1011
194	920
545	2290
1238	1376
103	131
329	332
417	548
442	1329
104	409
111	1001
269	1106
6	2514
752	753
1325	2483
2045	2381
360	568
784	929
632	880
520	1241
508	509
1309	1321
256	609
659	934
105	220
514	948
207	771
104	1137
722	921
951	1146
648	1181
385	661
474	674
12	271
2088	2649
256	1045
11	2272
27	1391
550	1136
754	765
372	884
220	2106
937	1062
1062	1264
371	869
632	635
1257	1948
14	1945
317	337
132	253
32	1831
200	343
285	936
364	365
1136	1141
55	1511
753	1015
273	1547
1743	2217
448	451
791	1876
801	1270
613	631
100	169
160	2531
876	1266
19	816
525	612
255	1138
116	843
233	1057
1173	1264
1466	1911
464	1790
474	687
119	1054
197	442
824	829
988	1237
1534	1663
1383	2595
193	884
253	255
30	1391
482	860
1016	1019
149	151
57	716
515	1031
827	831
966	970
38	1739
276	278
1620	2427
991	992
120	1168
1031	1261
217	1277
1046	1329
361	890
454	1125
236	454
180	317
791	1265
450	453
508	512
304	438
409	1198
1166	1177
239	498
286	1264
722	1180
388	738
2198	2394
1990	2036
197	1035
519	569
370	407
197	201
958	959
464	467
1462	1935
2344	2580
611	1275
1767	1944
523	623
165	353
286	1053
252	1136
1203	1453
103	471
505	1318
1213	1276
548	1323
1578	2233
119	404
668	869
1118	1315
1634	1897
116	1060
453	656
4	5
198	722
37	38
528	530
277	945
680	1830
854	883
525	1186
1123	1849
249	1195
587	664
132	1312
1626	2618
575	1343
1440	2306
696	1564
178	697
1509	1624
1736	1856
971	1205
1292	2063
618	1128
1620	2610
222	1210
2149	2594
634	1278
216	221
402	780
712	1107
137	572
739	740
877	1013
630	1049
131	624
1770	1948
631	657
148	952
362	655
2150	2421
219	221
1601	2306
997	1950
125	1162
329	551
376	565
899	2183
104	106
317	740
1782	2289
889	971
1417	2430
186	2407
125	852
838	1319
57	58
1040	1263
560	988
412	1361
687	822
753	1452
84	1281
584	1140
526	860
150	1062
882	890
1152	2414
653	1313
92	1907
394	551
1001	1162
641	1647
34	102
164	699
148	1287
238	600
730	1154
392	1067
183	2529
780	950
89	236
1030	1514
1033	1037
807	2034
612	1319
1143	1205
471	550
827	830
347	656
383	402
131	711
396	744
67	1046
1097	1275
381	1561
883	1145
149	560
197	1202
418	515
816	966
1048	1058
729	1129
978	1184
286	634
122	1044
127	636
600	1155
363	493
17	1181
372	1872
1324	2110
199	504
632	721
105	945
415	750
359	2250
828	2566
89	91
13	14
410	656
418	749
454	1100
903	1868
801	2453
34	952
257	1035
1053	1264
1647	2317
1958	2496
896	1764
193	1059
854	1833
1699	2596
84	866
757	1345
199	205
170	2443
318	730
470	472
586	971
1319	1321
84	740
271	514
494	741
332	373
161	948
543	2294
664	934
1575	2291
441	968
1354	1938
567	1261
431	432
786	2317
101	1113
288	823
639	1242
545	546
545	715
1239	2089
966	968
1279	1283
257	1057
974	1953
965	1779
135	1292
1264	1394
63	678
1582	2281
507	1553
611	1356
2189	2244
564	566
262	1513
235	2636
1046	1202
1763	2097
481	1119
1060	1210
401	1130
968	2462
226	1319
390	1282
373	552
450	452
193	723
105	113
470	498
59	142
891	1156
470	705
694	705
68	1064
1802	2214
610	1035
148	1040
1498	1812
1054	1136
424	968
46	1571
1166	1174
1185	1287
425	1319
846	1585
307	311
1620	2097
327	332
449	691
70	2053
664	687
623	1113
963	1075
38	2213
179	724
476	728
27	28
935	2265
233	1035
131	1311
444	1067
286	751
611	1003
548	754
1156	1968
68	343
450	920
210	498
219	2106
104	551
2064	2612
1001	1949
1560	2549
290	895
301	518
1514	1557
766	1291
636	817
1058	2436
1454	1981
220	223
588	1279
805	1928
185	465
1013	2508
614	615
329	331
1885	2021
53	993
129	862
969	1061
283	911
97	2634
1170	1171
253	571
19	750
454	1270
619	802
180	1100
525	1109
2426	2549
12	1295
498	622
1328	1329
368	946
449	1059
750	1287
1997	2614
323	1166
433	1237
269	1759
620	969
276	360
152	822
2143	2185
567	1295
320	393
768	1049
722	1264
231	1703
322	2132
221	330
355	1002
890	1248
214	754
1008	1009
781	1236
141	2096
1551	2029
117	1174
413	1346
751	1453
611	640
972	973
683	684
1047	1053
2313	2328
2226	2276
801	1100
215	638
568	920
169	729
346	1282
609	1292
239	382
191	1117
764	1056
1082	2661
552	1118
1412	1873
10	2361
692	1978
668	2370
1644	1755
565	888
420	470
125	1186
763	764
237	494
942	1488
514	1265
1411	1860
98	1885
1100	1281
120	132
1408	1843
1144	1176
198	375
173	2014
109	1062
257	655
322	656
851	1315
389	740
177	1024
660	1329
179	1232
911	1032
67	519
1578	1949
1621	1818
453	1205
960	1538
34	986
152	433
1994	2018
583	999
1024	1238
843	980
647	911
1023	1024
104	2034
740	1194
110	1174
214	369
633	635
694	913
123	843
39	408
545	2457
127	149
477	1725
1118	1140
849	1708
2366	2643
19	691
472	950
1014	1058
101	582
1833	2320
744	846
266	1373
26	883
619	754
118	1195
200	201
463	934
466	862
109	110
766	768
999	1104
197	202
161	514
223	442
444	1048
1112	1224
131	132
394	857
1009	1673
376	392
504	712
16	1983
132	219
608	651
23	386
407	559
258	937
970	1047
194	603
869	1035
1182	1896
855	1425
187	906
1262	1712
624	1114
249	393
226	1109
337	454
100	167
575	882
55	721
1662	2194
416	818
336	648
592	600
713	1263
349	1201
360	471
422	523
10	581
1895	2447
516	936
348	1178
258	259
9	1014
224	286
121	125
515	749
252	257
102	439
379	381
194	404
569	1119
1039	2638
889	1649
108	442
838	1777
1092	2309
1060	1140
274	1651
98	99
362	492
109	150
343	1211
218	872
128	1070
318	741
256	349
429	883
561	2609
256	1289
102	468
1258	1260
94	95
199	548
589	793
921	1851
92	95
189	1330
441	633
532	973
392	1300
1113	1118
1258	1262
114	440
39	1871
75	2439
1759	2318
1581	2295
254	1169
838	852
769	1395
829	1868
910	1224
494	730
749	1327
1112	1876
401	495
559	583
338	2241
150	751
152	288
280	801
1178	1240
396	1046
700	701
1418	2379
257	263
614	711
866	1374
1764	2191
595	1030
327	329
1322	1875
1265	1733
140	1134
797	965
93	904
374	1046
334	1144
1460	1711
328	1274
1178	1196
223	2049
279	619
73	1146
717	1012
1172	1585
189	1107
946	1425
674	1129
249	1513
625	1137
963	1281
605	686
256	654
937	1264
91	797
691	986
136	322
114	185
317	1270
1818	2227
1848	2127
713	1277
870	871
1188	1709
682	2628
190	218
961	2403
575	1248
1914	2381
1030	1163
140	866
206	1578
150	1173
1198	1202
962	963
125	746
443	921
197	371
836	871
525	852
39	862
508	513
1364	1946
438	580
1312	1320
757	2618
281	1298
580	1110
393	1291
257	519
321	2462
2599	2618
358	951
544	2299
630	1290
12	1030
1498	2492
1163	1876
162	565
231	2599
95	98
469	953
250	966
259	261
1230	1734
1327	2253
834	1438
450	1197
148	1277
819	1004
19	516
1136	1311
482	1224
490	1847
416	644
372	1166
398	399
232	1250
264	1479
1757	2041
608	613
884	986
1362	1787
659	1105
372	1052
608	611
135	395
229	570
1105	1129
32	1583
1328	2416
1361	1679
1253	1595
698	1242
1118	1201
863	1121
738	1585
730	796
1044	1117
698	2503
765	802
960	2058
288	1093
194	273
275	955
1236	1318
107	633
628	764
305	616
117	225
612	1109
556	1161
381	2632
900	2136
1167	1172
243	2147
119	1328
867	913
224	350
19	1358
424	1315
651	1311
232	635
82	1123
970	1173
104	1055
58	2134
189	504
429	854
2026	2414
538	541
276	328
666	1136
226	261
127	1338
220	637
660	1057
624	631
1230	2073
100	127
19	348
371	1966
66	2530
1465	1838
1642	2247
1345	1863
610	655
214	1323
276	920
624	1803
71	72
209	1032
943	2359
197	1316
115	1209
650	653
1213	1704
128	1455
470	950
806	1184
1270	1281
1645	1973
786	1515
479	1592
108	1249
396	451
857	1043
942	1267
691	936
1834	2556
1032	1255
166	208
439	723
262	467
1003	1211
1075	1281
1269	2424
1057	2286
233	364
674	1080
1654	2649
976	2200
567	1031
103	112
218	227
93	531
1100	1134
517	753
371	655
632	1287
740	801
2188	2309
103	104
259	1317
253	1288
1139	1140
239	728
746	2132
686	879
441	851
570	1236
2159	2655
290	1633
1060	1501
790	1169
342	1295
1692	1711
302	2586
1094	1095
109	818
966	1263
221	224
256	1171
1204	2573
2163	2439
1984	2478
420	472
430	899
239	867
483	1940
163	608
1163	1190
1196	1202
365	1205
941	944
273	328
142	1020
504	754
22	24
1819	2595
1455	2164
169	1080
743	1000
1370	1955
321	1056
370	1157
652	2034
1188	1689
237	599
221	1313
174	1414
517	524
550	1311
91	965
74	76
976	2006
120	857
1022	1126
1061	1085
72	334
1169	1172
176	2280
256	764
576	639
1850	2359
476	478
47	1403
449	952
374	846
1630	2236
1000	1015
382	434
1045	1171
1498	1936
760	866
1187	2300
523	650
854	1149
201	204
387	596
699	1147
249	582
516	520
1753	2220
107	116
787	1024
817	819
632	633
200	1083
1273	2138
167	636
196	1060
1563	2043
911	1947
348	1240
189	727
1131	1132
1043	2529
365	1290
743	767
1620	2075
107	196
1091	2188
1173	1278
1003	1048
338	1381
262	263
123	764
968	1171
131	533
731	2432
1234	1963
1055	1057
554	635
1607	1739
533	614
469	970
34	37
673	2565
163	471
1101	1102
1284	2317
1374	2237
637	1303
254	260
1922	2398
118	216
207	514
56	1511
1985	2393
820	1655
884	966
269	1509
1135	1140
493	955
674	1401
374	492
316	962
334	1206
1463	2444
808	1081
514	2511
1661	2206
458	663
916	917
373	424
137	1176
107	109
368	1900
914	916
526	1261
1492	1742
796	1154
603	1311
68	158
771	1295
35	1210
1307	2370
410	1162
351	2031
360	362
418	534
882	2431
698	701
1138	1141
131	1328
494	761
299	2618
492	1249
763	1179
494	1799
781	847
341	922
9	1083
683	2628
92	2174
134	135
952	953
51	1719
1191	1405
439	443
959	1372
382	1505
803	2174
345	800
746	852
535	2296
748	2479
1856	2475
655	969
1310	1316
778	2108
317	673
619	712
775	1738
309	2182
754	1452
1213	2164
298	585
279	621
969	1329
2157	2276
88	1133
232	2358
363	466
572	1721
1184	1402
525	746
320	623
953	1586
632	1196
620	668
401	2282
38	661
703	706
372	880
669	1142
1204	1205
129	1145
271	1509
228	1989
713	750
1125	1281
254	258
220	1199
1379	1897
711	872
285	691
494	599
1069	1626
1054	1114
207	567
217	1059
2082	2643
12	2087
502	2643
597	599
61	539
140	1281
687	1105
1482	1627
695	772
130	133
109	258
966	1052
1981	2465
416	1180
793	1891
454	1134
539	540
936	1040
638	837
317	1134
879	1146
1169	1175
224	416
729	1237
1076	1079
628	1292
1286	1888
126	137
665	1310
157	2128
791	2552
243	1025
261	1513
377	1872
131	868
2479	2545
68	554
2328	2611
1446	1691
1163	1766
993	994
771	1711
482	595
336	645
1131	2114
570	757
569	1172
1036	1063
1230	1231
667	1210
131	328
164	386
131	190
766	1165
1161	2377
572	2604
452	1300
1804	2425
169	1129
664	988
59	583
1295	1876
549	1420
603	872
332	552
116	1834
196	204
242	1224
1047	1062
186	572
393	582
1516	1928
585	668
234	1268
603	1274
639	1099
9	819
594	2060
1427	1445
969	1119
164	1134
612	1949
1520	2102
118	249
239	941
257	451
442	2049
740	1281
217	816
492	1141
551	571
250	256
1004	1250
466	1126
775	1310
884	1287
200	635
135	968
517	1000
1909	2059
237	964
195	571
805	1253
987	1053
450	1054
613	1320
344	801
258	1173
1652	2076
132	551
1282	1933
590	1147
544	2420
19	713
841	1912
582	766
52	144
738	741
587	636
999	2070
17	325
861	2281
359	2524
36	279
391	1283
1667	1928
186	631
976	1526
387	2447
2196	2319
736	2052
673	963
298	1316
219	1198
498	941
218	608
1063	1065
1356	1503
120	124
591	1282
111	347
442	655
372	952
820	822
34	1607
742	1283
1337	2480
739	742
1152	1736
176	1414
1166	1277
1167	1177
34	1287
665	666
422	425
589	597
1282	2278
344	389
86	596
116	441
587	934
636	1105
298	442
1313	1318
1159	1410
569	846
516	1178
440	1351
749	1876
135	332
1749	1928
841	2190
1595	2072
136	1293
222	1045
520	1278
1560	2539
180	673
276	608
1387	1969
539	541
398	622
472	622
199	621
560	822
1074	1077
1781	2471
582	623
471	872
285	468
355	2428
413	1934
69	2017
1583	2395
197	492
610	846
237	2207
1260	1262
458	705
516	1263
1368	2074
439	1178
109	112
226	228
615	2406
653	1138
385	1058
767	1015
1216	2319
1311	1328
12	910
2214	2479
1394	1856
104	394
145	146
2197	2347
218	603
106	653
271	749
108	1057
433	817
816	1470
210	663
1345	1720
777	864
568	1943
238	1486
771	1031
1517	1995
1050	2569
33	1252
955	1145
1364	1626
308	2549
441	442
667	1289
376	444
125	1109
1245	1724
106	1170
1448	2313
1734	2073
181	338
634	1180
1040	1052
1018	2010
560	823
208	754
655	668
18	701
120	122
300	303
1407	1855
1130	1999
586	1205
529	530
1202	1316
1085	1249
1581	2600
180	1281
884	1040
298	846
818	1053
1169	1592
1130	2282
1456	1597
569	660
575	1179
1828	2657
243	901
319	1924
691	723
820	1007
467	1551
198	205
819	1275
1190	1684
847	1811
438	2282
757	854
1107	1323
397	612
1179	1948
661	1097
609	613
455	1653
695	728
396	481
1584	2103
953	1278
1291	1309
1006	1011
1801	1820
1168	1351
515	1190
330	1448
398	695
731	1023
32	1058
2022	2515
1113	1116
538	540
134	1117
162	1097
627	979
306	1556
355	538
1088	1089
329	1288
2185	2456
189	754
5	7
619	727
746	1293
271	526
274	298
1211	1305
621	1330
685	1770
1734	1792
1162	1186
406	2076
23	2637
1061	1585
1203	1241
1820	2168
1116	1138
1458	2654
650	1309
972	974
1168	1173
218	1989
665	668
84	389
851	2462
821	2494
282	1306
817	1237
2	3
1166	1171
137	631
705	728
659	817
552	628
764	851
415	516
16	635
838	1001
278	1289
396	1035
371	1061
892	913
505	1036
695	906
923	967
559	1157
574	1335
1017	1021
590	1281
103	111
307	1226
257	1202
730	741
219	228
1350	1871
1139	1144
24	25
1658	1992
1180	1264
1168	1172
790	2256
390	1883
649	2343
598	1194
16	1097
768	852
2594	2637
327	1291
164	344
633	2462
127	687
89	795
1003	1250
237	390
108	396
222	256
254	257
163	276
364	846
467	1176
54	1749
508	1218
27	1660
2419	2539
349	633
195	465
1031	1163
387	1929
335	1192
223	620
219	440
322	630
1224	1327
499	1706
116	2462
1009	1010
386	673
1403	1719
40	1255
838	889
34	516
468	1263
150	722
1016	2010
1482	2350
1211	1543
448	650
1118	2462
108	655
630	1205
661	1064
352	998
1040	2529
64	171
740	1585
2118	2662
277	2256
514	515
1023	1025
256	321
424	2140
1054	1058
584	2583
1812	2087
481	1046
107	2462
608	1356
347	746
1986	2228
1148	2250
1171	1292
1163	1224
829	2566
260	2046
723	1052
195	199
721	1059
193	632
402	906
215	856
123	256
295	485
620	655
67	451
626	630
295	1809
108	2049
372	439
1484	2206
281	1036
1001	1205
652	656
1753	2307
526	791
938	2525
23	740
1130	1258
937	1180
207	1031
536	998
1115	1351
738	739
166	712
163	666
1551	2211
1551	1790
357	1621
330	1200
1595	2060
939	1208
697	698
752	754
627	631
1150	1318
854	1318
681	1933
888	1048
175	291
589	1152
16	392
610	611
1044	1139
926	927
327	448
304	495
584	1171
423	1900
884	1196
408	1022
1405	1839
186	839
465	1198
1438	1685
26	1806
34	348
351	2643
475	1474
1586	1751
673	1147
2068	2125
291	562
250	449
23	317
36	1304
476	772
1469	2169
1035	1057
899	902
775	2028
52	715
798	800
906	941
964	2403
386	1134
402	472
1137	1198
608	609
689	2482
871	911
25	1272
1044	1314
595	2617
1001	1120
9	635
3	1368
50	1835
762	797
1525	2108
195	198
514	1261
638	1096
1629	1890
482	1876
218	868
738	793
1045	1048
162	1250
1162	1205
507	2100
488	491
1463	2420
136	656
136	1120
277	1592
100	636
1001	1186
653	654
833	2566
2037	2565
1090	1091
1042	1044
1609	2576
8	2081
454	590
441	764
278	633
123	1140
1014	1305
20	1268
34	193
1199	1200
1003	1083
610	1046
1059	1060
736	886
223	371
123	1201
768	838
509	513
136	1205
1523	2509
778	1023
2192	2343
936	952
274	1061
606	731
1797	2308
991	1650
664	777
336	555
1351	1936
988	2561
193	415
889	1143
979	2210
397	1001
661	1275
591	2374
612	1175
177	430
737	738
469	1180
530	1577
2202	2606
1196	1206
715	2203
872	1136
524	743
1120	1186
765	1810
2020	2287
449	1287
772	892
1281	2278
703	1635
1228	2182
731	898
969	970
1534	2227
1850	2529
2229	2496
303	2522
394	1312
442	620
1179	1180
370	480
261	1293
352	975
611	1083
2080	2365
832	833
1043	1044
1167	1168
1138	1170
198	970
598	760
36	765
1035	2289
258	970
449	721
109	198
584	1292
107	1315
371	1172
516	522
239	694
324	970
613	1356
906	913
515	1327
574	1160
362	1202
337	699
805	1027
84	1153
1295	1327
1253	2104
850	1708
374	442
371	969
277	808
883	1126
226	746
383	1544
1598	2201
396	846
1143	1293
1140	1142
585	869
552	554
1049	2529
281	466
193	199
636	934
90	964
1193	1573
1948	2417
59	1104
768	1205
164	598
25	762
166	548
889	2132
2047	2278
721	723
119	124
410	746
426	1214
35	851
531	532
2346	2626
716	2536
254	1303
437	593
550	1197
517	1015
1597	1612
1598	2629
523	1291
594	922
551	1043
47	2616
1049	1949
97	99
945	947
361	763
324	375
411	1361
1371	2639
51	1518
20	2637
235	738
376	554
671	2565
250	263
2308	2582
337	760
1629	2170
1381	2617
421	2222
215	1161
1241	1264
810	1320
1292	2462
373	968
610	668
56	1278
581	929
67	1119
1457	2322
476	941
395	1140
286	714
465	467
143	1086
187	772
1113	1114
453	768
864	2383
387	1895
807	857
1008	1070
382	695
563	2609
250	262
316	319
197	1172
125	768
342	1327
816	2619
132	571
433	1080
542	1540
580	2585
252	666
861	1137
835	1029
818	970
3	4
433	1093
186	334
136	410
648	1066
210	780
561	895
941	942
425	1175
714	1453
210	434
524	767
317	760
395	397
134	191
129	1022
389	2171
810	897
623	650
642	1768
796	1271
552	584
254	677
534	791
585	1249
461	2558
1403	2000
1179	2139
857	1529
1122	2609
525	2132
1326	2215
633	764
802	1330
1001	1293
327	523
285	2440
1862	2483
524	753
101	216
1023	1127
590	699
23	598
371	1316
492	1700
582	2243
288	674
1368	2579
413	696
224	921
739	794
1808	2158
513	2553
1810	1965
1199	1592
36	727
141	1101
328	550
536	1502
871	959
309	2624
612	889
640	1004
39	363
1881	2440
1342	2336
1888	2169
452	1048
623	627
84	337
847	1036
1632	1958
274	371
1195	1196
955	1150
2616	2633
598	1134
195	1055
1312	2034
631	839
149	1129
2075	2360
37	1073
2159	2431
161	1224
372	966
1058	2286
68	376
1051	2569
260	629
1121	1721
1445	2583
17	1099
454	963
138	778
476	477
102	952
630	1949
622	694
906	1698
681	1740
476	780
744	747
180	590
56	375
132	1115
107	1118
1236	2212
320	422
429	1236
454	673
2263	2537
251	262
269	401
1163	1517
685	1948
801	1194
2187	2249
457	1552
397	746
107	1201
1661	1793
210	622
135	851
274	610
741	964
1435	1911
423	424
34	1178
332	633
250	468
417	1330
392	853
250	285
161	455
2060	2617
389	760
758	792
346	390
161	526
1405	2004
129	2197
970	1203
525	889
888	1014
1660	1791
91	1283
498	1706
220	225
1423	1678
79	2455
452	853
365	889
37	837
383	470
45	1432
882	1770
417	1304
242	1031
332	1292
765	842
1977	2253
690	1704
1080	1237
598	599
749	1802
475	476
196	1201
643	808
1166	1172
12	1265
1373	2565
105	790
361	363
1037	1039
376	1058
1061	2049
402	458
714	1241
218	920
226	347
956	1088
200	1097
1027	2618
584	851
1035	1085
281	757
1357	2508
1087	2188
215	556
310	508
1137	1351
115	1314
892	2449
517	521
2124	2634
101	102
1173	1453
119	1167
1712	2328
825	1017
1747	2431
699	801
588	1268
1045	2462
274	1035
1071	2609
2194	2468
132	1137
55	348
792	797
633	1056
149	150
134	136
339	2642
254	790
369	802
764	1060
1137	1168
189	619
1154	1155
327	885
1080	1082
504	727
293	1948
590	760
131	1923
442	869
218	360
55	884
495	1387
957	2315
1113	1120
118	422
610	1057
2154	2303
386	590
519	1172
584	968
409	2017
1480	1934
197	1046
252	1197
871	1255
554	1067
590	1125
374	604
1091	1771
872	920
963	964
404	1565
622	772
889	1319
991	994
897	1721
131	1114
72	858
1310	1320
1113	1165
1279	1280
1195	1204
1168	1169
330	626
219	807
449	936
1673	2166
334	897
846	1316
597	793
187	402
450	1311
900	902
407	1157
1413	1567
615	1538
1106	1108
531	1384
655	1316
101	109
287	790
857	1288
595	1295
370	1084
1178	1181
144	246
1324	1836
180	963
18	182
334	2313
2041	2084
64	2534
861	1055
652	653
1202	1205
583	1084
396	492
173	175
413	785
187	913
1327	1977
216	218
957	1694
223	362
518	521
365	1001
956	957
659	2295
652	807
476	479
1010	2511
239	240
397	1186
1043	1055
1196	1200
159	1539
341	496
663	705
1764	1914
695	913
1217	1576
232	1275
59	1033
229	505
2399	2540
632	986
400	1444
947	2528
1736	2026
138	606
2255	2436
4	1368
123	126
56	1453
1619	2155
434	950
1126	1149
135	441
1088	2309
413	447
459	1093
639	1232
362	1046
830	832
1478	2015
554	888
553	1202
324	1062
255	257
520	521
609	1118
410	1143
816	880
100	152
342	1031
899	1024
677	1199
285	1166
362	1061
86	588
1309	1319
21	1269
569	969
45	1388
1325	1481
68	1003
196	321
474	934
660	1172
140	1270
2469	2481
471	624
1389	1973
494	1154
229	275
1357	1504
603	1054
101	885
396	610
1099	1102
363	1150
133	1116
1694	2591
1115	2034
1931	2002
34	880
885	1135
270	2230
1294	1825
888	1004
585	1119
220	790
349	1292
415	880
1970	2523
249	1165
111	261
185	440
525	1120
9	68
292	313
265	268
1247	1296
633	2016
559	566
827	2566
358	686
630	1319
782	1307
914	917
100	864
226	656
613	858
273	1114
68	232
1054	2436
87	1269
516	517
953	1203
432	693
448	452
327	1448
1187	2603
935	1946
163	1114
39	854
389	795
663	780
660	1085
738	1903
377	1891
548	1330
222	227
198	953
450	844
883	1913
630	768
409	1288
1117	1119
633	980
196	1289
988	1093
356	904
790	1592
929	1988
1975	2251
1905	2446
2086	2576
236	1134
251	257
632	2556
696	1731
1117	1209
551	2034
1362	2496
483	925
1275	2138
224	1062
402	772
1145	1149
102	106
459	823
1174	1782
373	843
148	439
1135	1144
771	1112
361	1770
777	1093
276	1054
190	608
96	1907
573	1029
674	934
873	2256
47	51
925	926
374	660
1047	1850
224	1180
175	2280
36	504
764	968
335	1381
2361	2425
858	1529
126	334
746	768
905	1557
1008	1011
161	271
1	1339
76	1074
1370	1630
1412	1726
418	455
757	1469
429	955
1938	1984
258	818
110	225
9	1250
72	192
261	347
216	249
418	1031
1151	1155
443	1979
83	672
529	2504
1837	2400
376	1014
839	1817
628	1315
613	863
772	867
806	978
1450	2646
442	1249
614	1114
705	913
1137	1141
1056	1201
320	650
2023	2563
691	1052
676	2193
999	1084
256	980
112	810
552	1045
370	559
324	818
277	1494
242	1295
394	440
474	1592
193	202
1154	1604
1474	2467
1311	1314
404	711
963	1538
1043	1198
1202	2573
921	1062
191	1209
104	185
1201	1289
626	887
1539	2527
2060	2072
106	2208
336	1181
40	497
2320	2599
1130	1838
731	2284
261	1143
18	1233
216	226
901	2183
711	1311
261	425
1744	2030
464	2349
470	941
9	385
222	633
961	1269
1965	2032
1611	2483
648	1232
163	868
140	1100
256	332
119	328
1227	1231
459	1640
433	459
224	2106
72	1144
325	1099
971	1546
1063	1126
1110	1111
818	1470
714	1180
1115	1137
867	941
1200	1205
645	1232
1063	1236
1743	1862
233	1172
824	833
177	607
1366	1834
1952	2295
125	1949
1226	1230
257	1316
1309	1313
269	438
196	1501
2058	2403
24	2355
1360	1875
1070	1071
2325	2386
952	1040
250	750
256	1315
1207	2573
767	768
463	659
1380	1962
843	1056
350	722
590	591
1176	1206
1316	1317
1146	2256
26	757
388	793
449	884
991	2642
445	1297
77	79
29	31
135	667
845	1811
27	30
196	256
604	969
278	1201
525	1205
902	2183
279	842
1130	2114
614	1136
533	711
914	915
1699	2047
1173	1203
1903	2394
190	194
135	136
100	822
271	418
1364	1833
102	112
136	1186
424	654
1034	1037
61	1068
656	1109
373	1315
1408	2120
1007	1008
919	2577
197	364
276	533
1133	1134
1089	2309
1427	2583
866	1147
219	223
375	1278
623	1165
392	1048
222	843
256	261
609	1315
277	790
365	1049
387	1151
452	1058
234	236
222	424
428	696
563	1301
100	777
231	2320
126	657
123	851
24	1282
492	620
328	868
599	1271
22	23
480	1007
1196	1204
155	2293
567	1327
526	1876
760	963
897	1144
229	847
667	668
626	1313
590	1194
1118	1289
671	2291
140	590
1312	1321
404	1054
105	277
219	1055
237	346
901	1009
1061	1316
825	830
1298	1318
9	1097
357	1758
2343	2466
1031	1295
347	612
651	1197
344	963
713	936
1070	1591
281	1150
1031	1224
468	750
978	2402
944	1945
123	1118
571	572
1361	2517
632	884
1196	1277
2065	2467
1229	2353
1071	1075
986	1040
466	467
26	1126
633	634
1399	1710
1171	1176
100	463
218	651
362	1316
764	980
1720	2208
713	1059
534	1261
441	444
970	1278
442	1202
1540	2404
476	906
611	1067
560	674
872	1042
1046	1061
1938	2478
113	263
317	386
39	1149
1452	1857
1191	1192
588	737
514	1190
1414	2551
674	1105
324	1047
1241	1630
90	1154
987	1180
1195	1309
317	1153
53	1266
434	705
37	215
744	1202
848	1844
1456	2599
323	2590
714	722
369	712
422	448
1448	1932
2047	2596
937	953
167	1105
1120	1949
23	963
109	1180
54	1158
272	273
1141	1202
609	1503
451	2049
133	1170
651	872
108	668
525	971
533	603
1266	1680
824	1023
2224	2371
279	712
485	491
424	552
195	203
1053	1173
1137	1143
1168	2034
1346	1671
325	648
342	418
261	971
880	1196
657	897
364	1046
627	1117
473	1041
467	858
119	711
206	1486
413	1243
442	604
1136	1137
628	1289
133	1138
225	1174
1021	1022
150	987
16	1003
484	488
126	1144
1041	1850
283	497
2037	2646
321	1501
1524	2183
966	1040
199	809
1660	2146
1592	2065
193	952
781	1298
1041	1046
636	1237
162	1003
2145	2418
1112	2378
125	838
1052	1059
70	115
356	357
256	278
436	2405
559	1020
1030	1265
729	1080
220	808
1049	1143
299	1524
822	988
1053	1241
434	1534
1688	2581
233	451
637	2256
231	1456
273	274
860	1864
1382	2242
337	389
823	829
197	553
1155	2475
624	1167
285	1040
290	561
337	1153
285	632
233	610
232	452
410	889
324	469
458	472
507	512
217	219
1219	1222
364	869
1342	2002
11	785
848	2592
1094	1097
695	892
236	2207
1978	2654
1638	2179
9	1067
551	1115
129	854
2031	2643
863	1206
236	740
1500	2088
187	210
35	349
173	1157
1712	1990
119	450
348	816
1119	1141
392	1250
279	754
20	387
922	924
553	744
654	1210
1864	2270
239	402
349	980
1120	1319
945	1393
271	482
133	135
119	194
1003	1590
373	1118
197	969
2052	2546
1788	2409
223	274
126	1121
614	920
174	2494
705	950
324	325
218	223
465	2034
382	402
89	1075
298	371
922	1369
1310	1318
383	498
422	1165
1460	1852
582	1309
1035	1585
416	751
195	202
711	1054
823	832
1644	2187
643	644
760	1147
854	955
1962	2465
496	922
860	1031
952	986
1151	1152
652	657
1066	1232
802	1107
123	222
67	396
788	789
848	1593
588	590
2293	2334
489	491
1027	1591
631	859
69	70
10	707
114	652
55	516
164	389
1392	2362
397	1949
438	495
1040	1046
269	270
1557	2352
1064	1067
604	1329
269	271
548	802
593	1764
649	1770
1823	2313
648	1099
1064	1250
25	238
1227	1228
1666	2214
667	1501
440	571
737	1268
484	491
434	892
913	2500
941	2359
197	362
291	2257
291	312
1721	2339
1121	1176
103	651
334	1448
415	1178
450	1167
2130	2152
2069	2572
568	1042
142	1104
353	354
1663	1998
1256	2160
40	959
119	471
507	1217
286	2162
844	1114
434	728
666	920
390	391
56	350
424	1056
199	712
957	2237
30	31
568	569
799	1904
626	1562
223	396
670	1426
218	1167
119	276
672	2291
254	262
673	795
1711	1991
654	1201
451	1329
1709	2449
106	1138
1688	2517
448	449
424	667
635	1058
1261	1265
233	2049
1899	2297
479	1474
227	810
795	1891
1118	1121
2175	2325
299	2662
258	263
274	846
472	695
656	1120
314	318
722	1173
627	1803
261	1049
570	1126
1198	2034
233	846
1035	1119
19	936
448	1195
492	1046
1067	1275
39	1063
487	1847
1464	2457
1196	1205
569	1061
226	1001
1081	1522
410	2597
1679	2357
1111	1782
286	644
960	1779
1563	1668
197	2049
740	866
374	585
258	1203
1066	1099
1175	1949
607	787
127	587
137	1923
1004	1097
655	744
1279	1411
1793	2206
717	840
713	1287
727	1107
593	1103
1171	1172
846	1172
428	2272
1407	2366
35	1171
2139	2535
568	1167
125	525
185	1055
628	843
673	1134
670	743
966	969
700	2470
673	760
1563	2426
890	1948
905	2521
36	214
631	1176
347	453
764	1045
1171	1782
762	1283
472	498
1838	2459
697	2503
1257	1770
334	859
1204	1317
504	2630
539	1068
1349	2369
1455	1819
551	1168
1502	2307
1552	1705
382	705
1057	1202
249	256
982	1959
207	418
357	2297
27	31
420	906
251	258
636	864
373	377
1250	2640
192	858
161	1112
220	228
510	511
979	980
635	1275
840	1012
526	534
975	976
443	1241
1001	1319
9	158
1931	2435
614	651
233	668
478	1725
257	1329
150	970
1718	1859
500	1395
862	1022
200	1003
995	1331
286	1881
637	677
457	1699
561	1775
1046	1049
1093	1097
1180	2139
1114	1118
698	1181
855	1900
1231	1792
1007	1673
888	1083
724	1181
453	630
1314	1320
163	450
635	1003
637	1592
748	1802
609	612
599	600
195	197
55	1040
162	819
583	585
588	591
1421	1733
1465	1999
193	966
111	1109
35	37
116	2180
1609	2480
453	1290
67	585
158	444
219	329
1398	1623
131	134
337	1134
385	1083
653	656
1381	1884
92	97
1411	2550
618	732
514	1327
661	1058
228	263
666	1167
554	1004
1043	1045
78	1331
722	818
796	797
1030	1880
502	2634
85	1633
674	864
844	1167
501	1267
1220	1221
38	392
369	809
204	1891
53	1749
278	1140
471	1197
1268	1272
1227	2073
847	1298
598	1147
34	2478
318	591
582	584
294	1567
463	560
1018	1124
1109	1319
1433	1602
150	469
569	610
523	524
892	950
2099	2392
129	493
393	1309
726	1050
15	1247
1833	2104
271	1112
745	746
744	1035
1874	2160
1060	1118
216	1165
435	1998
249	263
131	136
1560	1590
948	1030
107	110
304	1106
1470	1512
447	2272
1247	1248
999	1033
979	1925
1033	1157
17	648
1066	1416
109	751
723	986
970	1053
1247	1375
946	1900
194	196
1506	2029
135	980
1524	2662
373	1045
912	2500
233	374
233	553
1485	1887
196	202
389	1895
343	1097
905	2352
711	1197
101	623
223	1202
530	1889
2128	2529
38	640
1779	2403
352	1331
234	238
1158	1560
594	595
252	533
396	1202
764	1289
460	2354
47	1719
261	322
109	111
67	969
981	2304
218	225
1487	2190
465	861
1576	1629
118	126
417	1107
1003	1275
190	360
1263	1287
1080	2322
910	2649
854	1036
838	2335
1646	2310
840	1912
651	657
816	936
1365	2350
2400	2449
784	870
633	1289
126	1721
46	48
1261	2521
409	807
67	223
337	344
102	1277
1155	2026
91	1155
220	873
869	1057
535	2570
766	1135
1643	2352
729	822
664	1237
255	262
629	631
84	236
150	1203
475	477
144	1164
524	1015
275	1236
744	746
262	810
288	1909
216	217
169	474
32	1067
134	1923
656	1319
114	1351
333	1120
1225	2006
294	484
244	2516
589	1280
1157	1726
385	888
32	392
344	1270
590	1075
1061	1329
519	1057
592	797
937	1203
328	331
1216	2485
1469	1720
56	520
533	550
478	2467
1362	1876
226	365
1850	2128
225	226
410	1049
1311	1319
449	723
1152	1856
218	1274
198	818
148	632
139	1128
572	897
172	1561
1658	1919
440	442
252	550
419	977
517	845
852	1319
636	729
509	1230
167	823
223	1329
747	1670
453	1109
1089	1090
346	2614
465	625
161	749
434	694
1514	1988
278	441
501	503
116	1171
1168	1170
1124	1193
226	397
404	1311
413	428
472	780
1819	1975
342	1261
513	1553
1411	2278
409	1168
610	1085
612	1503
311	1563
344	1134
1055	2017
467	839
863	897
906	950
232	1004
1078	1449
986	1263
118	1113
748	1259
836	2606
522	927
476	913
595	2060
111	838
1919	2421
131	1197
899	900
226	2132
142	173
112	1206
167	1093
441	584
16	1048
38	385
1201	1204
1111	2378
1306	2041
468	516
35	2213
1139	1142
244	2240
687	1080
290	2257
337	1270
838	971
628	1056
32	343
554	853
1665	2380
1766	2265
275	2131
373	441
383	663
516	750
329	1312
279	1494
1802	2545
971	1175
26	2080
1061	1064
348	1196
425	1120
278	1501
1745	2067
609	633
912	913
585	1141
190	2543
194	844
738	1280
1656	2049
55	1287
276	711
195	394
705	1962
1109	1186
252	1167
1191	1194
659	1129
420	476
123	332
1855	2366
58	1548
100	149
52	246
226	1186
198	200
1106	1258
224	953
611	1211
1337	1609
169	560
1512	1978
1484	1533
918	919
792	1268
480	820
853	1250
1296	1334
55	449
1162	1319
36	754
554	1014
89	344
1081	1083
227	858
349	1289
1214	2078
770	1608
568	570
367	368
2143	2628
614	1167
26	493
9	661
373	1056
208	548
321	1171
116	1118
333	1293
787	899
665	1041
22	25
904	972
257	261
304	1110
828	1213
625	631
808	809
644	937
1199	2573
795	1147
670	1015
599	741
327	1165
660	1585
385	565
584	1210
699	700
11	413
1570	2559
2581	2623
872	1311
627	2546
1351	2017
1411	1933
109	1264
176	564
556	558
123	395
492	846
327	623
364	569
1058	1250
216	1195
132	195
1201	1203
887	1116
402	476
244	905
2073	2353
600	797
936	1287
382	780
1359	2495
317	590
1286	1765
50	51
494	1271
57	875
273	1274
327	333
587	822
1153	2414
474	777
417	809
433	687
498	1980
53	1012
1415	2283
225	1204
346	2115
222	851
1120	1293
176	2014
546	2613
497	959
520	1264
472	867
367	369
408	1036
563	1021
193	200
2151	2422
568	651
358	605
1932	2658
1446	1964
469	921
795	866
128	1975
16	640
1249	1375
20	737
122	126
357	2243
702	1962
1563	1805
533	1274
26	429
142	370
217	224
447	696
1510	2096
223	744
217	1989
122	124
786	1286
274	744
2143	2416
517	767
1052	1166
254	259
2434	2557
451	452
1313	1315
807	1443
75	76
452	640
374	1316
179	1066
1345	1612
119	131
875	1737
854	1063
337	339
466	1149
1001	1290
1222	1774
2246	2520
819	1211
576	1181
792	1151
1109	2132
126	227
609	1060
88	865
350	751
623	1562
358	1764
2153	2621
598	2495
482	1327
35	38
35	332
200	1211
600	742
1030	2231
164	1125
424	425
475	1592
162	343
1035	1036
1059	1185
1311	1321
94	1907
543	2404