298	620
200	376
683	684
519	1119
1001	1290
1454	1474
960	963
2303	2657
641	1284
614	711
625	630
233	1329
1600	2351
149	729
417	619
2226	2313
182	1233
797	1155
1395	2151
1401	2161
514	526
49	2535
148	1287
1245	2544
838	971
236	740
732	779
161	1163
195	329
56	970
2084	2150
158	1014
401	438
1053	1264
2086	2485
743	753
125	971
1450	2324
236	1147
360	624
893	2363
668	2472
195	652
229	1514
827	830
224	324
262	1176
2397	2563
497	500
1322	1725
308	2365
1607	1971
1097	1300
127	822
493	757
196	197
1033	1039
865	2010
123	851
1845	2095
108	610
250	255
233	604
1060	1062
1143	1186
965	2162
1061	1065
23	84
275	1145
840	993
731	1506
561	562
132	137
558	1656
713	936
239	663
360	614
270	594
1856	2581
889	1162
82	1192
673	1125
727	2399
947	1161
242	342
697	701
971	1293
134	135
801	963
448	452
848	1522
1180	1264
379	381
393	650
383	622
416	1047
244	905
197	205
727	754
687	864
364	519
2155	2342
963	2435
793	2059
72	858
636	1849
1449	1637
1051	2230
668	1085
83	2366
445	1214
434	663
591	761
409	652
1137	1141
771	1327
256	332
468	2290
630	1109
418	1327
560	1237
587	1105
576	578
450	451
358	686
518	562
272	274
318	1271
816	1178
778	1023
1408	2022
39	854
1004	1064
390	741
219	226
1835	1922
782	1569
691	1059
759	761
39	1036
1510	2611
371	374
1291	1775
1303	1305
138	1506
1105	1237
730	796
633	1201
450	603
343	1014
109	350
481	492
1009	1025
349	584
404	450
371	846
1817	2175
525	1162
1014	1211
1761	1963
526	1261
127	674
9	1275
1085	2058
67	451
560	2403
417	504
780	1578
632	966
4	5
394	652
233	1316
1759	2656
222	1292
945	2548
520	1278
1503	2497
1187	1188
766	1775
32	200
986	1166
374	1202
136	630
463	587
504	621
443	644
1487	2502
1049	1175
952	1196
1487	2214
1236	1958
643	1303
23	280
1041	1049
714	1053
1152	1269
130	710
740	2070
1541	2043
8	995
250	1059
1209	1210
453	1205
779	826
23	140
1808	1860
1276	2190
186	2050
1253	2169
152	169
229	281
311	2265
227	839
417	754
118	582
1063	1318
348	1277
1049	2370
100	822
888	1275
196	198
101	623
2454	2456
572	863
1386	2163
455	482
123	584
9	343
35	395
20	86
349	1045
655	2416
619	712
517	524
794	2426
439	884
186	839
604	1316
321	1118
262	839
793	797
198	224
2114	2611
1393	1554
12	749
375	634
859	1176
242	791
563	825
810	1206
318	390
761	964
791	1163
434	1631
505	1298
901	1009
337	801
760	1075
940	2512
633	635
798	800
845	923
551	554
1863	2395
624	628
370	1556
320	766
111	333
463	2241
1041	1045
492	655
617	898
278	968
442	1316
69	551
574	1414
906	1685
907	2252
286	1203
2270	2659
298	362
1261	1295
792	2587
77	1469
1115	1118
85	895
330	1351
948	1265
680	1579
358	605
121	1313
945	1663
1275	2190
1626	2189
518	521
3	7
373	1171
655	744
633	764
1006	1769
1188	1190
869	1119
949	2624
201	203
417	727
846	1046
1259	2018
1604	1605
517	743
189	727
956	1088
740	1194
1590	1642
603	1167
839	1320
331	1117
69	625
57	734
89	1281
595	948
108	492
614	1114
68	385
648	1099
939	940
1928	1975
343	565
514	749
509	511
55	1263
336	698
1932	2566
1023	1453
193	217
276	1654
925	1965
274	451
104	861
1592	1630
140	590
1070	1078
32	376
1153	1750
1152	2551
1745	2424
254	1303
203	511
139	900
1725	2501
802	2286
1186	2592
955	1036
280	1194
1104	1105
2231	2382
607	1577
59	370
614	666
286	350
644	751
2432	2629
2003	2595
875	2575
120	1636
313	566
590	1281
554	1064
1195	1775
164	2568
1400	2447
937	1624
117	2500
1174	1176
884	1166
531	2347
498	941
452	853
72	467
103	868
527	530
55	2553
69	329
633	851
581	707
209	212
2304	2355
123	1448
417	712
948	1261
285	1185
610	1046
1395	1789
193	285
165	353
515	910
565	1014
376	1064
189	712
350	921
671	697
319	1907
443	634
1453	1506
474	729
495	1258
39	1318
135	321
180	1153
318	1907
343	1083
193	439
74	76
785	1243
409	1312
796	1869
100	664
1551	1958
131	1197
1018	1193
1414	1973
424	851
1316	1321
1968	2635
107	441
84	317
298	481
1112	1261
1210	1211
112	839
180	801
984	2615
71	1174
1077	2437
1075	1077
1005	2568
844	872
135	395
418	1163
249	258
1075	1147
1428	1859
497	1032
1658	1866
195	1198
1059	1196
254	677
109	111
415	1287
1209	1211
202	205
946	2342
636	1080
219	465
885	1113
523	524
533	1328
1587	2606
1048	1049
714	921
509	1219
819	1004
114	120
288	2358
854	1126
2158	2187
730	741
867	2546
655	1046
272	2375
2043	2065
622	772
323	1166
218	219
274	519
844	868
163	1054
450	1167
136	746
261	586
188	2585
323	516
1252	2228
2443	2478
173	407
1501	2224
536	998
278	584
35	628
382	867
210	913
37	38
844	1114
1570	2507
335	697
276	1167
750	1196
1198	1205
749	1112
394	397
119	550
2004	2295
1	1700
584	1118
652	1055
1778	2161
322	1293
534	1112
277	790
711	1114
46	47
1026	1027
560	562
259	669
552	633
454	1153
378	708
35	968
364	744
515	1265
91	965
508	1229
1030	1327
906	907
327	333
162	376
136	1001
322	1186
830	2427
126	897
75	2232
314	596
142	999
130	582
158	385
1261	1883
418	791
594	1259
843	1292
184	1647
444	1250
730	1154
477	1689
1214	1297
492	1202
704	912
30	2104
1119	1121
716	734
1659	1851
274	1057
634	1278
768	838
189	802
443	1264
822	1080
749	1511
779	900
819	1683
318	319
1274	1654
953	1535
502	1567
48	1614
349	1140
1304	1528
1114	1115
1027	1539
526	2582
1044	1048
257	553
504	809
520	953
320	623
371	610
62	1247
802	809
219	220
1596	2360
276	328
504	619
238	1283
828	1213
27	28
474	636
394	1137
776	1435
280	1134
111	889
1077	2066
2346	2600
556	1656
1748	1776
1193	2366
169	433
434	458
520	921
1906	2214
2477	2497
226	1049
23	337
1014	1275
630	1049
102	1196
131	328
370	559
152	153
960	965
416	644
667	2630
2113	2374
439	468
1203	2647
277	279
252	1114
1695	1943
159	549
54	1158
1386	1648
471	1328
1121	1320
143	1593
140	1270
189	754
480	1104
229	1036
729	817
1996	2132
1124	1193
271	1370
150	970
1310	1357
1521	2646
71	1317
624	1042
2290	2316
577	579
1367	1951
150	350
249	710
322	630
520	522
17	1232
1451	2067
751	1264
398	400
23	866
712	1528
1047	2175
137	192
171	708
192	839
271	567
1107	1304
333	1351
70	1044
369	1330
1289	1315
337	760
463	659
38	1058
642	786
1682	1713
195	204
253	262
375	2156
2290	2646
886	1714
2258	2452
285	691
727	1107
194	568
983	985
784	929
860	1327
252	1167
1036	1790
1820	2510
921	1053
1445	1872
328	614
170	1925
253	1312
303	2080
273	450
520	1047
347	889
1338	2290
1635	2161
648	1232
635	1004
1864	2650
971	1120
2134	2150
108	519
889	1001
138	2621
1048	1211
917	918
2173	2332
1213	1276
9	158
668	969
482	567
2284	2416
1820	2553
158	888
34	1976
1600	2543
1604	2325
1314	1320
104	857
25	965
394	409
1138	1143
364	1061
252	471
9	1067
2450	2503
420	663
84	1125
158	853
721	952
861	1055
197	201
553	1172
593	2292
612	1186
828	938
885	886
593	686
218	868
971	1049
137	863
497	871
1071	1122
173	999
193	195
133	1138
781	1318
1668	2207
287	945
1347	2298
762	1272
575	1179
622	913
1090	1871
610	655
896	1103
711	920
649	2268
149	1093
1418	2511
52	53
1124	2366
371	655
224	953
1042	1045
164	598
285	1059
1699	2394
17	1099
1045	1171
401	2634
270	1370
732	1824
209	1032
180	344
24	591
650	2416
239	240
633	980
1299	1300
625	1312
1199	1303
222	2101
567	1163
723	952
106	1200
450	608
1282	1649
1096	1097
1259	1633
599	730
19	723
692	1106
993	1294
971	1143
59	1007
337	2465
19	884
413	785
229	1063
1753	2434
67	655
965	2036
278	851
106	255
298	610
1174	1175
12	1224
26	883
866	1125
1035	1172
1637	1648
655	1329
1144	1320
252	1311
107	584
626	1116
1858	2054
695	2392
473	1041
651	1167
1054	1058
689	690
526	1163
1311	1316
717	840
144	894
494	2145
16	640
363	854
390	494
1109	1120
741	742
948	2369
1378	1739
1106	2647
1083	1275
632	1059
1063	1126
383	705
1242	2521
1592	2316
1160	1162
468	936
595	1295
274	362
825	829
724	1066
565	1305
35	843
504	1528
218	872
1673	1877
2376	2592
798	1546
843	1045
348	750
347	1109
1873	2020
1135	1165
857	2554
729	2612
569	655
19	1166
253	2549
69	1137
637	2424
809	1107
1769	1921
746	2592
1016	1017
1818	2574
150	937
444	1048
346	494
1176	1206
827	2588
1253	2499
236	317
48	49
134	627
238	592
1749	2238
1183	1251
516	952
127	1555
122	1314
389	1270
130	523
611	1590
1466	2051
746	768
926	927
486	491
149	934
190	1197
598	1125
840	1012
341	342
797	965
2481	2498
167	988
457	1670
218	711
652	655
2445	2500
1998	2181
256	609
186	1121
1197	1206
1181	2521
640	1058
55	323
232	1300
1519	2221
1152	1826
1844	2534
409	1288
638	837
199	802
494	1154
34	102
373	764
279	1330
1162	2592
118	320
90	730
519	610
363	1036
71	225
302	566
346	2145
1970	2026
714	970
389	795
1168	1177
350	1180
2354	2381
2230	2381
138	2137
132	1288
278	321
129	429
515	1163
329	551
247	1969
449	468
344	1194
336	1181
1102	1233
628	1315
62	1431
998	2106
220	1169
1170	1173
1778	2323
698	1066
1492	2586
667	1056
250	449
983	2615
332	395
1526	2031
578	579
417	809
823	827
1921	2446
1729	1880
712	765
39	505
2212	2402
713	2028
1511	2301
410	1109
603	1042
1037	1790
442	519
607	1238
69	70
126	467
459	664
450	1654
128	2085
456	2574
348	468
128	1008
819	1048
191	1314
551	1288
1129	1237
988	1080
120	861
360	363
56	1173
794	2059
831	2226
1173	1176
723	1240
323	1040
674	1129
596	1268
952	1185
1220	1671
498	2108
876	878
1024	1027
716	718
169	1080
582	1113
256	1171
1802	2557
817	1335
761	1699
1311	1317
252	1197
382	498
150	1062
455	1224
375	377
1113	1501
1745	2289
541	2034
140	2137
1398	1813
176	2433
816	880
514	595
1027	1783
391	1272
516	936
136	586
1173	1203
269	1449
278	1140
884	986
1116	1200
819	1305
552	2314
533	1274
194	1042
1769	1792
910	1190
219	625
113	263
150	469
1273	1274
1735	2416
275	757
395	667
1138	1142
315	1907
751	953
603	1654
797	1869
214	802
404	533
2162	2435
1581	2332
298	492
1732	1945
347	586
714	1264
1017	2650
1553	2556
448	1165
2334	2476
1210	1437
72	1176
1182	1256
1155	1750
2567	2588
139	2123
741	1920
385	1014
217	721
287	873
1530	1587
398	867
458	695
1889	1920
1071	1191
582	584
1280	1283
2006	2582
360	844
393	710
1669	2067
364	1172
1071	1497
386	673
1805	2559
416	751
372	884
82	83
94	98
1131	2281
273	276
533	1167
1461	2424
125	2592
101	710
622	705
520	2647
2207	2437
383	476
154	1592
105	637
1125	1281
254	808
633	654
587	934
969	1061
976	977
16	38
398	2242
660	2286
1047	1264
1248	1249
33	2228
593	1146
645	2521
112	858
1845	2169
91	762
207	1265
310	1229
706	2002
575	1248
1465	2503
1285	1562
1998	2051
856	1096
393	1113
175	518
1203	1264
749	1327
344	454
610	1249
869	1046
252	259
196	199
1608	2140
1545	2503
487	489
189	1528
645	724
142	480
207	948
552	1315
2006	2079
254	643
369	1528
554	1300
757	1126
972	1498
25	797
897	1176
441	444
193	721
403	1526
444	1014
2362	2386
234	960
2013	2046
691	1263
441	764
712	1436
801	1153
189	1330
529	530
101	523
245	1804
975	995
623	1135
1078	2207
286	1481
1160	2192
1851	2130
637	790
278	654
987	2647
1041	2175
251	2549
2052	2077
525	971
140	598
1193	2618
444	1275
551	1137
418	526
413	696
757	955
1008	1921
1003	1014
635	888
1177	1321
807	1636
900	1824
208	2378
913	2487
1477	2167
936	1040
444	2572
851	1292
1196	1205
476	1689
120	1198
453	612
123	278
286	1053
197	374
705	1343
612	1319
1745	2086
254	277
1073	1075
20	25
505	2145
1168	1636
34	1240
22	23
1153	1826
1500	1587
440	571
778	2367
2157	2216
1489	2209
1895	1922
1312	1318
373	1292
278	609
91	1272
656	1333
476	950
739	2602
418	515
640	1211
418	2305
1990	2028
1468	2484
1903	2267
1143	2592
598	1368
1012	1266
116	1060
793	1493
725	726
620	1057
55	1059
1190	1261
474	1105
198	1203
254	255
402	420
1268	1407
12	455
1876	2025
757	1318
2260	2313
897	2659
35	764
280	1075
842	2476
321	373
1199	1205
25	1272
410	586
198	324
325	645
146	876
1091	1871
233	585
523	525
1088	2013
248	426
951	1146
1049	1162
314	1279
35	1201
721	1277
125	410
169	463
1049	1186
469	634
19	2374
2355	2560
963	1147
838	1143
310	508
673	1075
1067	1211
348	1196
285	1584
987	1173
636	729
2143	2164
961	1280
272	954
1166	1263
448	2151
413	2448
1612	1758
439	1040
1463	2534
651	652
281	1036
502	1562
849	1719
226	838
67	1316
219	394
1613	2332
1340	2020
199	208
1151	1153
252	256
1028	1029
1631	2585
193	1059
415	750
163	190
389	590
235	236
270	271
668	869
224	1053
1137	1144
1117	1120
671	1521
1354	1424
185	1115
323	1703
636	639
1455	2525
729	1080
24	599
371	1035
2143	2519
195	1636
1336	2337
1401	1917
252	603
1210	2405
317	1281
125	347
216	217
1063	1065
236	963
229	1150
139	1824
603	608
129	1063
250	259
1580	1965
437	1103
970	1278
449	1196
17	698
19	632
315	1152
840	1538
225	227
328	603
885	1309
474	934
108	1249
650	766
219	1137
505	1145
775	1041
585	969
572	859
777	817
478	1385
257	519
429	854
609	611
858	863
432	1950
442	1172
81	83
1646	2377
1655	2352
550	1197
318	741
1805	1922
1046	1249
602	1991
408	862
468	1178
942	943
712	1107
133	221
305	922
751	970
936	986
307	309
477	479
399	2027
298	451
166	1304
1362	1415
1435	1987
198	644
825	1301
322	1175
921	1278
25	238
417	2286
865	2134
1083	1305
1334	2537
729	864
2115	2116
429	466
106	1116
158	1058
612	852
23	801
375	2647
369	712
154	527
899	1238
101	112
333	1109
67	519
2249	2659
175	176
858	1320
1104	1157
465	861
818	921
657	1206
23	1100
697	1192
321	1056
727	802
1555	1960
469	1241
858	1176
371	1061
1001	2592
655	1249
2003	2546
2293	2315
254	1663
441	552
101	885
192	631
9	640
550	1114
936	1166
1617	2370
41	42
670	1015
568	569
986	1059
395	1292
252	262
106	112
847	1126
559	564
945	1199
221	1313
1466	2181
276	1328
476	705
740	963
1158	1459
420	470
1313	1316
964	1154
2095	2169
1325	1371
565	888
171	378
465	652
91	742
148	372
749	1030
772	913
476	695
36	754
1859	1891
2491	2657
1415	2555
285	816
486	487
376	819
76	2232
788	1706
991	1516
723	884
639	1232
1122	1123
737	1151
555	648
298	2616
2007	2171
1726	2473
2181	2184
120	1137
294	297
626	887
241	1759
2114	2397
1045	2175
222	843
630	1319
511	513
349	628
963	1134
671	2573
56	644
634	714
337	1281
1085	1141
321	654
330	1170
482	514
1142	1485
596	2338
450	666
586	838
666	668
570	1036
833	2628
111	1120
458	663
426	427
866	2481
364	451
141	2547
389	760
674	864
256	628
1167	1197
516	517
1315	1321
327	1763
872	1311
402	458
2321	2351
781	1036
256	552
323	723
526	910
640	1250
132	440
1464	1487
749	910
173	583
364	365
233	1061
417	1323
197	668
861	1043
743	745
453	1290
271	1265
398	663
36	279
81	901
441	843
459	1093
264	266
373	2156
332	1118
671	2027
125	525
17	645
119	218
467	1144
1251	1589
9	888
21	793
365	586
596	2377
189	214
459	463
189	842
20	758
837	947
1098	1100
906	2637
442	1202
28	2566
460	2257
1393	2470
864	1237
138	824
1778	2660
672	1018
565	635
199	548
293	1257
105	677
392	2237
439	986
396	492
2068	2238
162	1300
1066	1099
576	1242
385	452
1058	1083
945	1303
1313	1315
889	1109
1037	2503
17	1242
171	662
92	803
261	1001
249	1309
862	1145
528	530
1984	2125
1406	2107
132	394
105	1081
128	2308
694	728
150	644
1115	1116
422	766
1615	2099
694	1428
548	712
1869	2059
249	260
37	556
197	1316
469	818
195	394
611	613
242	749
1842	2492
261	410
213	2626
1593	1742
454	699
1514	2243
749	1265
758	760
1090	1092
1602	1952
823	830
1292	2314
286	443
317	344
972	973
1521	2238
1017	1019
329	807
520	818
462	2052
365	630
424	1201
1312	1317
1217	2213
1100	1102
1035	2235
195	198
2265	2567
1401	1764
977	1838
226	333
679	1788
224	416
259	262
439	1287
519	1057
1269	1280
1625	1924
500	2058
824	1506
233	1249
866	2498
323	691
241	496
595	1112
1070	1077
842	1330
343	1211
195	551
1066	1655
371	492
138	139
2209	2618
1141	1144
540	2183
634	644
1557	2547
153	188
363	1298
12	342
868	1114
1972	2509
623	629
819	1064
750	1166
2073	2468
131	1274
2629	2655
233	1046
875	876
2369	2552
32	444
269	692
504	712
298	1329
285	1240
101	102
561	2403
552	1140
373	980
124	1485
324	1278
620	1085
705	906
1135	1144
198	751
271	1190
1269	1270
768	1120
35	1056
469	987
275	505
459	864
1919	1988
70	191
2034	2076
1476	1830
346	1154
921	1203
1695	2073
1263	2312
670	2027
1261	1327
333	1049
1405	1445
1271	1407
288	674
1039	1790
2066	2394
1616	1817
365	2592
20	24
322	410
695	950
371	451
746	1186
342	514
250	256
862	1149
442	655
660	1897
599	796
223	481
1013	2133
637	638
107	109
2177	2534
1077	2394
958	2117
36	1393
1252	1589
728	1781
584	1060
102	148
498	694
1248	1250
149	636
111	261
738	961
713	884
1686	2482
830	833
84	1100
1954	2315
729	822
964	2145
604	1057
389	866
1556	1581
1280	1281
851	1171
1088	2058
802	1528
10	929
698	1232
593	879
273	275
664	934
412	2583
470	780
1221	1222
142	1033
955	1126
271	418
196	968
2073	2429
2083	2086
1856	2082
122	1448
1685	1898
79	2203
328	450
968	980
695	705
2437	2474
317	866
880	884
796	964
217	220
158	2330
1119	1316
612	971
394	1636
1179	1181
1468	1933
666	1167
620	1202
1443	1450
88	739
380	2377
365	410
150	151
451	668
1256	2001
467	1176
430	899
118	448
1134	1281
598	1153
581	870
535	715
759	1699
1864	1901
255	1313
1007	1010
424	633
813	814
103	218
2065	2314
500	956
315	2048
433	822
26	229
223	2101
1006	1921
1295	2075
1946	2415
1089	1661
240	756
169	459
470	728
1566	1585
171	1659
449	1287
787	788
1080	1081
430	787
236	389
868	1274
1704	2581
830	831
1069	1783
474	476
1424	1580
323	325
38	1067
2180	2388
288	1093
84	1281
622	695
89	344
26	781
2173	2196
158	1300
608	1054
1929	2612
314	792
242	455
78	352
1736	2080
195	440
751	1173
217	1185
365	656
1119	1141
374	620
584	633
93	356
655	2284
350	1053
838	1186
250	1178
2252	2637
523	1113
55	632
626	631
790	1169
1936	2618
610	613
1281	1283
670	2046
705	913
469	1203
186	657
1015	1017
83	1193
475	478
161	791
232	819
818	1535
739	1860
1632	2141
331	1139
286	1062
156	1923
501	2102
2624	2658
162	635
1100	2005
323	1287
2488	2517
575	685
55	952
617	1127
699	1147
129	883
242	1327
119	666
64	662
326	911
331	332
173	1810
1569	2154
375	970
179	698
214	727
207	1327
188	2270
23	1194
853	1048
2279	2309
242	2656
341	2018
4	2473
643	1663
350	1927
322	1290
1736	2478
598	1281
1819	2509
516	966
1087	1090
59	1084
823	831
200	444
1173	1177
252	1136
705	950
194	711
1202	1316
362	1035
897	1669
1047	2129
1467	2182
218	1311
1165	1171
426	1256
1272	1283
659	1105
1120	1319
1981	2161
79	2019
64	171
100	687
1073	1497
948	1224
116	278
674	2528
2012	2562
201	202
1605	2325
553	1141
721	722
224	225
38	640
1567	1621
190	651
39	1150
38	819
1100	1281
991	994
740	1125
963	965
1004	1058
451	1141
1873	2364
350	751
1169	1174
115	1044
1202	1206
410	525
728	892
279	619
1496	2657
299	2562
428	447
889	971
223	396
109	258
239	382
324	350
626	1138
1150	2309
608	613
360	651
517	518
201	2475
52	54
361	363
808	1663
134	979
342	1112
1687	2485
1263	1628
275	570
1549	2594
1618	2498
2201	2297
1828	2600
874	1988
270	1259
864	1093
1648	1770
1627	2643
1322	2485
715	717
198	1180
1836	2560
515	534
1022	1318
307	2555
1381	2396
321	1140
333	1175
753	923
1053	1180
433	474
569	1141
534	1265
372	468
807	809
1041	2129
1412	1571
1102	2005
619	842
853	888
2141	2371
324	1703
197	1035
84	801
1859	2251
104	625
635	1064
1936	2263
200	554
442	1061
791	2557
1031	1190
32	158
550	1054
795	1100
1030	1190
261	852
674	687
740	1147
1285	2433
1165	1172
129	1126
1947	2360
176	1810
269	438
451	569
1098	1454
322	365
56	469
644	1264
625	628
11	601
198	987
450	568
1323	2286
189	504
705	772
1167	1172
58	1995
2372	2555
1449	2287
89	164
216	249
1754	2090
969	1085
2413	2452
1195	1199
258	469
274	604
191	1117
1145	1833
335	339
711	872
1835	1980
40	42
116	1201
1455	1651
563	1301
227	863
451	1057
1841	1865
2316	2511
164	344
418	910
533	614
348	1178
182	577
1008	1009
1114	1167
363	847
14	2069
292	302
1060	1171
1041	2370
107	609
259	1545
440	443
216	766
1081	1199
1135	1136
620	1316
348	691
118	623
1136	1167
699	801
549	813
1189	1190
1081	1083
32	1305
448	1113
142	1020
114	185
222	851
108	113
324	921
1280	1649
1895	2250
326	1255
386	1281
614	1274
1366	1577
661	888
148	449
500	2108
1693	2239
152	934
777	988
589	597
986	1185
1062	1241
1393	1665
59	583
101	1775
955	1063
629	745
364	610
1219	1221
441	851
1371	1791
334	810
105	1169
644	1482
472	772
119	920
566	926
1597	1645
1362	2091
2190	2599
613	1121
1871	2013
290	895
1180	2608
1308	1940
149	674
163	603
2025	2044
1234	2459
721	1052
1630	1672
232	1058
142	1593
117	259
216	885
218	651
197	1172
189	199
1099	1100
131	404
695	906
1070	2394
1114	1328
474	664
1398	2447
1056	1118
209	871
307	311
336	576
465	1115
1072	1079
619	2286
1310	1320
1332	1480
1603	2300
429	1063
127	169
249	256
120	125
185	1168
302	1654
110	1485
224	1264
26	847
485	491
480	583
321	1045
224	937
1312	1357
332	1351
1075	1281
809	810
1764	1778
1195	1203
258	953
566	2403
427	2512
1388	2344
1224	1327
610	1085
923	926
1178	1180
443	1535
1097	1250
149	288
114	329
546	1012
167	1080
217	348
820	1104
671	1123
1761	2449
102	112
223	492
107	112
397	1109
1018	1124
1510	1818
770	841
609	1642
1194	2642
712	727
666	2630
186	613
1183	1215
423	425
120	625
1201	1292
620	969
693	1159
151	1788
194	276
110	1142
1626	1854
373	851
1847	2485
560	674
292	313
844	920
274	1831
721	1263
1147	1194
1859	2380
393	885
1320	1321
644	1047
146	546
111	410
13	1877
876	2575
1328	2193
570	1318
237	1282
408	493
55	285
751	1278
960	2435
937	987
36	38
1015	2488
1178	1240
2063	2200
911	959
253	1055
2160	2189
828	2628
502	1408
474	674
37	1082
1009	2446
376	1004
292	2220
1427	1566
1354	1371
442	553
1523	2219
85	561
65	709
920	1042
1575	2302
702	704
72	227
610	1119
346	741
552	1045
344	2524
455	1030
924	2331
439	966
831	833
2140	2429
1491	1749
261	525
954	957
1452	1853
390	761
971	1319
476	906
1073	2066
1302	2322
315	589
1062	2647
395	980
10	707
484	491
136	1205
217	1287
657	839
548	842
1747	2088
616	922
1033	2584
198	205
751	1535
528	1588
167	474
376	1300
1037	2235
243	1009
498	867
914	915
521	926
1841	2168
823	1093
674	1093
140	1153
332	851
35	1554
1061	1141
102	952
672	1193
263	1177
1197	1203
376	1067
958	1947
534	749
440	2029
598	1270
650	1135
221	1170
396	451
375	751
838	1319
622	950
961	965
981	2221
760	1153
692	1410
1309	1318
598	2377
1398	2128
9	38
839	863
607	804
437	593
1918	2250
392	640
584	2314
76	1074
39	781
87	315
439	1240
226	425
852	1109
677	1303
796	2059
107	1056
533	920
396	585
362	655
652	656
1677	1885
28	30
2133	2188
1094	1299
484	490
180	181
986	1178
87	235
459	823
2316	2374
396	1046
476	479
228	263
456	2215
630	1120
1354	1580
606	824
525	1143
1195	1309
533	651
492	1035
1424	1982
1064	1211
83	84
162	1097
320	1135
824	830
816	1240
162	819
1122	1124
1048	2370
691	816
702	703
237	796
378	379
694	780
109	1180
180	1651
433	659
55	1196
817	988
239	402
1118	2314
817	823
86	596
194	1054
107	1045
565	566
806	810
634	1062
472	2250
1036	1145
793	1280
975	976
256	1292
1551	1583
595	791
892	913
526	948
607	899
947	2208
107	980
349	1210
817	818
603	1197
134	1117
452	1014
1618	1948
633	1289
226	2101
402	941
1148	2060
398	2221
630	631
434	472
516	713
417	548
133	1116
1819	1872
1069	1403
582	650
1926	2476
220	226
637	1169
1422	2517
643	945
621	765
569	1316
199	809
152	777
1306	1923
2296	2551
1142	1369
444	853
387	588
1831	2375
1110	1112
705	867
730	1271
124	259
120	1312
246	247
1623	2330
793	1152
792	1279
187	913
1023	1539
1202	1894
570	1236
1170	1172
324	443
466	570
430	1024
416	1173
861	1198
373	1315
429	1145
1211	1250
108	110
612	1143
250	262
936	952
1057	1141
787	1238
793	1869
836	871
587	664
32	452
609	1118
1110	1111
1549	2659
519	569
1274	1328
1846	2475
185	1043
1811	2477
1151	1826
655	1141
916	919
35	349
360	550
344	673
673	795
161	1261
1371	1424
691	1277
937	1062
504	1107
105	1663
685	1257
857	1807
197	1061
865	962
727	765
277	643
173	559
691	2194
625	1043
492	620
1314	1321
1307	2121
1198	1894
481	1249
1210	1289
227	467
288	1129
685	2159
339	1388
749	1224
844	846
239	772
1447	1802
631	1176
1074	2437
533	1311
536	2177
237	599
1681	1702
958	1029
1852	2051
1126	1150
283	703
631	1144
847	1022
89	317
457	2402
395	1201
27	2104
165	1002
1425	2609
705	941
396	620
395	424
650	2284
1153	1281
476	728
862	1022
448	1404
120	132
876	877
107	552
441	1289
614	1311
947	2155
471	603
666	920
1951	1976
185	1636
2289	2311
500	2158
694	892
1727	1762
93	2261
472	867
866	1270
420	498
2168	2196
41	43
185	551
415	449
466	1150
888	1305
232	1064
603	1054
609	1171
1762	2443
925	1021
820	1084
283	497
749	1031
398	498
114	807
825	827
1166	1178
1739	1799
853	1058
249	251
1405	2136
952	1287
257	1249
12	595
195	625
273	328
271	1261
1908	2075
254	287
1870	2565
34	1277
281	781
1714	1741
1097	1305
262	572
348	372
125	365
816	966
1137	1142
613	858
705	780
1386	1452
822	1237
771	1782
190	608
1486	2641
1058	1067
764	1060
516	1059
34	415
588	596
281	1022
329	333
1549	1872
422	523
453	889
173	480
1392	1553
452	1083
145	773
162	611
1270	1272
791	1261
55	966
2236	2620
68	1064
2270	2407
547	548
624	872
1173	1535
1038	1039
548	809
742	1272
811	813
1202	1249
68	1048
1154	2145
1944	2154
236	1134
603	872
1946	2460
763	1257
1740	2494
16	1211
751	1062
1117	1118
468	880
136	226
768	1186
364	846
1703	2441
596	599
185	652
219	571
348	952
2132	2285
365	1319
252	255
343	1097
101	1195
2221	2248
385	1300
1437	2156
120	465
958	1596
2001	2053
102	750
241	242
611	1003
1134	1194
1398	1400
16	1083
723	1885
262	858
53	1266
279	504
661	1003
1118	1171
568	1114
820	822
653	1116
717	718
737	758
126	186
469	1047
407	559
175	1810
1140	1315
332	654
608	611
123	968
322	746
530	1438
713	750
1196	1277
60	76
177	787
343	385
111	1001
466	862
517	520
703	959
1135	1142
1691	2648
672	2046
127	864
2590	2615
55	449
1213	1844
1779	2561
1745	2462
495	692
608	844
40	836
1043	1115
1190	1224
105	111
636	664
1983	2596
1821	2542
476	1385
1416	2218
126	1448
39	229
444	635
386	590
310	2567
223	1141
410	630
1379	1793
152	560
396	668
1955	2625
301	312
592	1283
1635	2323
328	868
364	969
453	852
1103	1707
998	1331
210	2117
2427	2588
2068	2573
347	1120
16	661
856	2302
424	843
1764	2323
585	1494
92	99
25	91
1756	2432
305	2018
132	1137
609	654
1519	2420
36	1304
449	966
838	889
732	826
975	2040
639	2424
620	1046
82	1123
1400	1834
259	1174
1279	1282
232	1250
754	1650
1077	1079
591	2145
1822	2264
632	1277
119	1328
385	1067
537	2586
807	857
977	997
1381	1743
180	1194
401	2282
526	1327
746	747
276	666
301	1016
1924	2645
582	586
19	1196
349	424
1767	2522
374	655
559	999
841	1718
397	1049
1391	2194
655	1085
187	695
556	947
114	1137
332	628
258	1180
626	1200
116	968
237	1924
1080	1237
1555	2094
111	525
1020	1084
449	986
148	1178
60	1364
185	857
651	2284
259	1204
568	614
1607	1826
280	1147
333	1290
194	273
173	1020
1597	1643
163	624
1917	2161
142	1084
1227	1229
1775	2065
1367	1393
1049	1290
1037	2584
636	2424
752	753
22	25
53	717
111	1186
568	1167
373	1045
642	2391
107	196
1011	2404
1014	1064
820	2095
443	469
433	817
2108	2158
68	1058
1225	1575
861	1288
149	1105
306	2306
781	1022
780	1636
383	402
338	2344
1259	1262
518	522
196	851
1898	2637
595	1265
83	1815
252	868
347	656
448	523
337	344
1191	2642
198	1053
1106	1107
39	363
622	663
863	1176
778	1429
216	448
816	1052
1933	2235
271	948
135	628
1137	1140
907	2637
573	1029
1120	1175
1035	1119
35	654
390	796
1351	1436
1240	2130
908	1697
359	1817
449	884
416	1264
220	287
365	1162
347	612
761	796
185	2589
358	896
1049	1205
132	329
811	991
166	417
1372	1398
782	1944
39	1145
771	1261
611	1083
149	1237
677	1169
1367	2470
1699	1700
380	381
548	1330
133	136
732	733
966	1052
343	554
111	838
319	2061
647	836
401	1110
880	1240
877	878
274	569
1431	1760
2288	2606
163	533
447	1243
243	1072
335	1388
764	1292
360	872
169	777
507	1217
440	1168
68	158
1237	1855
156	2583
695	913
979	980
669	1204
275	493
636	1093
440	1198
1473	1519
164	866
500	1088
227	858
375	953
1428	1504
582	710
1288	1290
249	448
260	263
163	360
196	321
91	592
76	2433
222	332
1840	2239
328	1763
1508	1530
768	1143
129	505
295	1876
970	1535
249	422
250	252
1528	2274
1140	1144
614	872
452	1300
1088	1090
1160	1161
1600	1802
415	1178
667	1140
707	784
699	740
1274	2599
132	195
105	254
451	452
455	1295
371	519
422	1165
474	479
336	1242
929	930
371	969
1044	1314
271	910
641	1899
60	1074
387	596
748	749
443	1047
307	2567
1527	1786
1643	2051
336	2465
1558	2656
148	816
1537	1592
870	871
250	261
1123	1125
332	764
796	1271
966	1059
102	691
919	1747
1407	1409
148	721
150	416
197	1085
1204	1207
646	647
1790	2235
366	368
1196	1287
872	1136
123	1056
395	1675
2444	2602
362	1057
116	256
796	1493
585	586
123	1210
285	713
556	638
10	2267
497	647
838	1001
644	722
135	373
765	1107
150	921
114	857
84	740
369	1107
555	1232
96	99
467	859
1481	2526
250	1166
420	772
664	1510
80	1122
240	1565
441	968
215	1096
55	721
1166	1277
1138	1200
801	1125
1046	1119
136	1109
244	891
557	1709
1146	2107
415	816
1202	1207
933	2454
554	1003
67	1119
548	754
1109	1162
1054	1114
2012	2327
8	78
1476	2218
217	2101
740	1281
364	1119
1670	2394
226	228
730	2145
449	1263
1537	2646
1140	1171
234	758
325	2521
810	1144
386	1702
1264	1829
106	121
597	738
161	242
439	952
298	585
693	1824
1537	1630
643	790
2225	2311
162	232
545	546
9	819
632	986
131	1136
766	1309
1345	1694
359	2359
328	1136
1314	1357
1252	1276
249	252
161	1978
1895	2597
1047	1180
86	387
1416	2431
333	2246
1470	1622
1762	2304
1043	2129
764	1315
795	1125
666	1311
1317	1318
207	482
980	1140
568	651
1492	2177
93	96
374	604
344	389
1734	1735
158	1064
26	1063
1932	2591
934	1080
197	364
1242	2336
280	699
2187	2249
1217	2026
585	869
2027	2238
139	2137
934	1105
1031	1112
723	936
1648	1702
617	1361
1434	2104
1200	1313
328	568
793	2587
1027	1069
328	1274
1004	1083
746	1001
1464	2214
2135	2182
650	1165
586	2592
469	751
438	495
1632	2346
939	1977
385	1250
1621	2102
207	1112
207	1261
1239	2147
2296	2346
1913	2355
651	1042
611	1097
232	452
215	856
1896	2611
1870	2457
1862	1921
743	744
1012	1013
667	1118
328	920
382	695
1351	1400
1031	1734
239	780
2287	2482
114	195
440	1288
1175	2592
1033	1037
385	2007
1216	1676
339	2344
215	638
167	934
369	548
320	1165
1089	1817
1688	2290
787	789
510	1231
13	14
922	2018
523	650
1678	1975
162	1004
910	1224
741	1282
922	925
576	639
1330	1528
1044	1049
834	1900
118	1309
1405	1819
1608	2661
360	1311
356	904
772	950
1482	1500
321	968
348	1927
136	971
1428	2191
1120	1143
1167	1274
67	1202
888	2206
311	509
219	224
2547	2621
407	480
298	1141
2046	2068
735	1472
1890	1947
269	1648
1046	1049
762	965
1114	1120
942	1267
1087	1092
343	1004
225	226
104	107
634	987
164	389
269	1258
207	515
226	656
1268	1272
311	2567
1270	1271
259	260
492	519
1114	1136
952	986
362	569
67	197
424	1056
23	760
1541	2264
517	767
1140	1369
1019	2488
1574	1739
1075	1076
369	802
241	594
223	519
19	2511
468	966
163	1136
216	327
2392	2470
429	1022
144	146
364	585
923	1000
1701	1770
281	363
624	1654
732	900
616	2565
624	844
199	214
232	853
1027	2499
474	1093
613	631
744	1141
970	1062
719	2174
652	857
433	777
729	1093
76	2401
1017	1018
635	1014
703	2002
1043	1055
668	1316
349	1060
140	699
409	551
68	1004
285	1277
69	857
465	466
515	749
1533	2318
1258	1261
219	1055
571	861
250	691
175	301
459	817
305	1505
277	1663
2383	2461
323	372
1750	1971
893	1653
23	25
979	1314
342	515
246	545
1125	1890
218	252
483	563
1668	2394
1295	1908
473	1586
1791	1865
660	668
836	2418
971	1175
691	1052
632	750
1149	1820
262	1121
183	688
224	443
1066	2352
324	2608
197	233
102	415
452	635
568	868
315	317
1062	1180
1059	2396
341	594
190	666
216	623
819	1058
2471	2528
253	258
1730	2272
2040	2081
281	1126
543	1841
1040	1049
167	777
217	516
667	851
378	380
192	810
827	2628
1408	1621
601	1243
278	1605
1792	2476
532	1235
236	1194
640	1067
687	1129
823	829
882	1257
288	988
78	79
164	317
386	1983
262	334
109	469
258	921
612	1205
1197	1894
892	1667
383	420
123	1201
362	744
938	1276
206	414
1734	2456
1196	1200
960	1151
239	867
1023	2337
199	1107
771	1224
1862	2446
1124	1890
127	474
1520	2630
1576	2539
2248	2544
624	1136
1100	1101
125	1162
374	1329
453	525
737	741
1583	1638
1390	2439
104	108
1688	2046
1276	2228
1022	1149
575	578
1731	1760
542	2554
424	552
1580	2275
1064	1275
222	226
83	2607
73	605
252	1054
1014	1048
277	677
285	1263
703	911
1093	1096
190	194
970	1241
360	568
611	819
261	1319
272	1997
1135	1138
846	1329
291	301
2393	2545
1309	1317
665	1479
1607	1750
1120	1186
1138	1170
24	2145
1059	1185
449	880
334	897
273	1042
420	906
396	442
64	65
449	1059
480	820
161	207
345	346
1334	2360
812	2253
116	633
67	492
1225	1325
120	857
148	323
281	570
198	203
279	1323
553	1057
1075	1153
722	1535
1318	1357
654	843
632	713
111	112
281	1236
382	950
837	856
1310	1312
2516	2581
748	2018
999	1001
16	1512
227	1206
450	711
894	2428
372	880
482	1224
1095	1097
250	816
116	764
389	1125
2415	2460
1092	1871
429	1036
1368	2338
582	766
860	1163
1837	1889
515	595
860	1265
125	1186
448	454
920	1197
2205	2400
469	937
721	880
452	2151
47	50
556	1709
416	1203
67	1061
222	667
464	466
1035	1046
520	970
854	1063
443	2572
376	853
988	1237
383	2384
1826	2551
624	1054
815	2393
222	1056
89	740
2518	2558
271	526
392	1058
210	694
392	1083
87	1711
451	519
948	949
40	1255
238	1272
865	2150
525	1293
143	686
362	846
2061	2087
1668	2409
392	1250
691	1040
69	114
1876	2236
584	2299
1295	2409
273	1654
199	279
222	764
552	980
190	192
84	180
1309	1315
317	760
278	764
97	2261
1048	1250
1070	1076
1309	1316
816	818
1046	1316
1430	2638
167	587
1040	1240
560	636
1249	1316
39	129
1023	1025
827	828
222	349
1099	1232
119	122
348	1185
394	1288
119	872
87	738
925	1017
962	2036
140	2547
283	284
109	324
887	1116
269	1939
1538	1718
394	807
2236	2421
1727	1761
273	1274
69	652
550	568
239	470
665	1041
1605	2353
148	1240
253	263
1171	1315
517	845
370	407
273	1136
862	1126
630	1290
1508	2528
226	453
392	565
1034	1035
129	854
449	1052
707	870
1272	1407
108	257
628	1171
189	809
2509	2545
1814	2440
144	545
704	2097
415	1240
1592	1796
609	1590
127	1080
526	1112
187	906
516	1196
611	1058
455	771
349	764
586	2299
141	2123
274	1061
363	466
952	1178
1536	2263
233	492
136	1293
328	1167
621	1323
38	611
938	2228
1042	1654
131	872
193	250
112	1121
309	1228
1770	2482
108	553
348	350
2051	2074
276	872
32	68
1552	2597
1040	1052
1515	2400
1097	1211
631	859
36	1107
661	1211
1762	2449
1449	2163
56	258
959	1255
514	860
261	347
470	950
838	1293
2338	2377
84	963
1615	1780
738	1269
114	1168
672	2027
424	1315
525	1120
1006	1010
1309	1775
574	2192
214	2286
5	7
119	276
1143	1319
555	576
418	860
524	1409
258	2608
76	1364
1118	1292
1082	1161
661	819
554	1004
713	1277
36	1330
662	663
286	469
365	1290
250	632
963	1100
1704	2041
118	1113
426	1214
167	864
711	1054
421	1041
469	1338
713	952
116	1140
390	1154
1016	1018
505	1149
626	627
224	751
1023	1127
519	522
93	904
1196	1207
1798	1947
199	1323
173	174
465	1636
1371	1982
1145	1298
472	2581
341	748
515	948
40	959
995	1870
583	1033
12	514
826	832
227	1144
846	1085
452	1004
1557	2116
365	838
1179	1257
285	516
191	331
609	612
91	1283
496	1399
132	135
658	2276
371	1249
250	721
329	1351
352	1587
1935	1979
1371	2519
390	2145
1829	2600
1400	2128
101	1165
362	668
1014	1097
941	1412
409	465
889	2206
179	1066
105	1303
639	645
1468	1790
179	1651
34	721
269	580
764	843
590	1075
767	967
651	844
398	772
34	1287
16	444
375	921
2024	2067
332	1060
59	60
686	879
294	296
1309	1320
444	1003
253	861
1047	2370
471	533
1496	1527
95	1661
499	1413
913	941
1004	1048
135	1289
492	668
53	1012
606	1366
1200	1894
34	148
132	1198
852	1001
569	869
331	333
1052	1287
771	1031
285	966
1355	2085
963	964
695	780
455	514
588	737
691	880
70	115
722	1241
195	196
114	652
639	1099
1045	2314
1508	2632
1048	1058
396	553
1488	1513
90	591
225	259
175	312
200	205
256	1060
2025	2421
123	1171
93	98
567	1261
1974	2002
1071	1077
72	186
115	1139
987	1047
164	2105
163	872
943	1360
847	1149
645	1500
16	1048
583	584
794	795
2122	2141
628	980
866	1134
127	167
103	190
553	620
254	1169
360	1411
17	2521
802	1330
839	858
104	1636
1014	1300
238	762
653	2416
647	959
636	674
1704	2597
459	1129
349	552
423	424
751	2647
329	1137
738	2444
84	1153
207	418
35	441
898	899
135	278
621	712
1006	1011
1241	2336
1141	1249
361	890
519	869
210	867
740	2055
619	1304
1376	2077
232	376
34	1263
548	802
763	2240
14	1673
544	2201
1591	1795
294	2227
164	280
1519	2234
2191	2258
1396	1460
1681	2596
104	807
923	2331
333	334
362	451
420	472
866	2134
740	1860
597	1368
210	705
772	941
645	1232
995	2457
556	799
118	1291
220	277
70	1117
217	1240
631	810
1044	2129
2346	2622
1309	1313
1625	2340
248	2053
712	802
674	822
644	1062
2130	2336
103	651
587	1093
163	608
20	1151
342	791
296	488
416	714
584	654
871	959
159	2164
572	657
520	1062
148	1263
1055	1137
699	760
715	718
1627	1927
316	2048
1135	1137
404	868
387	758
1436	2100
222	441
119	1311
1443	2180
2066	2437
742	1920
196	1060
1396	1723
1763	2475
180	1125
56	1180
1402	2397
654	656
371	1329
828	2588
1470	1521
1505	1834
651	654
778	1127
698	699
24	741
251	256
119	1654
342	1327
326	1032
753	1650
1723	2472
687	934
1685	2252
418	419
278	1201
402	622
455	2144
1905	1906
250	415
230	1530
634	722
526	1224
962	2435
1229	1934
107	851
196	204
765	1323
250	750
38	1393
330	1138
223	1057
750	884
200	1003
224	520
131	132
109	818
817	1093
109	714
100	463
194	1136
344	740
135	552
962	2162
262	863
239	622
914	919
968	2314
319	600
117	124
816	884
1917	2660
1363	1512
608	1642
101	109
212	2117
1600	2266
1662	2201
829	831
1197	1200
227	262
374	744
1815	2607
120	807
332	1140
2018	2502
2080	2128
1049	1109
371	396
169	729
108	223
1466	2247
831	2313
1910	1960
232	611
119	651
791	948
256	424
107	321
1119	1501
514	1224
565	2403
221	2101
691	1552
19	1052
585	1061
588	758
1264	2312
1950	2652
1436	1456
44	45
1813	1846
777	1093
799	1652
1188	1189
2148	2396
1071	1074
197	1249
688	690
640	1300
1036	1038
665	668
610	1316
1007	1020
584	1315
1484	1874
69	1198
520	722
385	1097
207	526
1601	2186
110	117
109	375
820	1157
751	921
967	1015
1300	1378
758	1268
278	552
687	1237
89	1194
60	176
1178	1179
257	1119
1024	2337
316	1549
502	503
624	1311
752	754
1362	2555
220	228
336	2521
876	1266
1577	1980
469	1062
1102	1474
261	612
200	1097
450	651
130	216
670	1749
463	988
25	762
423	946
1153	1270
1360	1412
508	510
997	1922
570	1145
843	2271
926	1019
790	2608
17	724
24	25
1195	1197
119	125
107	111
193	1263
102	816
288	474
402	906
16	819
1423	1615
921	1180
1772	2528
1400	1761
1218	1220
851	1289
1203	1205
1141	1172
335	671
633	1292
19	34
1075	2394
600	1368
598	599
11	428
229	1145
797	2587
501	1408
410	1001
1451	2659
1312	1636
966	971
328	334
1616	2149
1634	2326
604	1046
69	1312
321	764
271	1031
519	604
1107	1528
127	823
101	650
1469	2019
599	1282
148	723
810	863
718	2548
190	218
635	661
635	1067
565	640
222	1045
811	814
714	1990
394	440
162	200
1001	1049
759	961
315	318
1009	1769
498	913
1067	2032
327	710
242	271
105	873
180	386
137	334
395	1056
451	1249
472	498
504	1330
32	1067
276	614
368	855
275	854
952	1040
55	468
1089	1092
496	748
1262	1963
466	955
660	1085
791	1190
32	392
342	1224
667	1315
360	1654
126	613
277	808
1330	1599
441	584
795	1194
343	1058
383	780
407	1084
149	777
317	2061
1165	1175
2158	2249
333	425
338	2465
404	1136
699	1075
585	604
442	1057
1201	1206
1990	2015
677	1199
21	759
1135	1141
531	532
197	2475
1548	2138
396	1316
2453	2605
434	470
961	2162
155	156
1483	2252
819	1097
410	1205
383	2173
668	1141
136	1162
1073	2394
376	1250
1426	2099
376	1211
1166	1169
449	2151
1333	2284
89	1153
164	1281
295	485
119	1136
1093	1105
410	1186
293	361
125	1049
335	1192
1195	1207
1247	1248
1035	1329
249	1195
118	123
103	568
230	1463
1375	1401
180	1281
233	668
1967	2149
1270	1407
796	797
1849	2424
86	588
723	986
1054	1274
843	1315
838	1049
1149	1318
1046	1141
995	1532
1645	2184
1051	1477
208	619
104	1137
135	332
239	476
1727	2443
1758	1961
209	283
1569	1944
1055	1057
200	1300
482	1265
275	1318
1940	2596
298	744
946	2401
2099	2406
921	2285
169	1129
1056	1060
1171	2314
22	1133
115	331
316	1907
281	493
795	801
334	1176
1408	1567
23	699
1203	2608
1908	2632
654	667
861	863
101	422
91	797
1726	1757
35	1171
1168	1172
444	888
722	2373
765	1330
514	1644
56	324
792	793
39	570
722	2608
1309	1310
559	562
752	755
824	826
164	801
962	964
167	1105
441	1171
355	538
712	1456
193	936
212	1933
314	2048
214	1484
594	748
144	535
69	185
301	302
481	1046
1053	1278
1224	1295
1359	2113
217	750
36	37
362	1316
1359	1380
1390	1695
354	462
329	440
100	2490
56	1062
658	2223
539	2034
1137	1198
922	1259
2103	2309
5	6
252	920
325	2441
977	2054
253	1115
16	1003
2067	2249
272	464
109	2647
1263	1277
802	2187
262	1144
1116	1117
232	635
370	1020
2056	2447
753	967
504	2286
890	1248
207	860
1451	2438
131	273
445	1256
286	1839
739	2055
1189	1432
218	228
618	779
511	512
235	597
200	392
236	866
1473	2544
661	2286
2185	2339
502	1621
121	126
1201	2314
587	988
110	113
123	332
636	777
226	612
613	1590
902	1685
121	133
20	1279
587	777
914	1028
968	1440
416	818
341	496
334	2246
781	955
493	862
448	449
236	801
121	887
1136	1141
323	1185
920	1136
777	864
132	1043
1504	2191
1211	1305
505	955
234	236
644	970
634	937
1113	1115
1141	1142
525	746
59	480
868	1042
608	1311
939	1208
134	136
473	775
463	560
100	152
278	1045
39	862
216	2101
279	765
2243	2490
570	1150
2155	2401
1175	1177
654	1118
8	352
108	660
1098	1102
373	376
1699	2411
434	476
259	263
1071	1078
278	628
657	2284
741	2145
712	1304
1752	2408
250	253
285	952
127	152
59	1601
115	979
23	1281
862	1318
1200	1202
1071	1079
829	833
222	1140
2134	2481
271	749
396	1061
391	797
135	609
395	628
256	667
222	1210
398	472
127	687
852	1205
442	610
971	1109
449	723
371	553
1718	1901
1678	1700
647	871
288	1237
309	311
53	876
493	781
164	1075
299	2610
570	1149
17	179
1865	2332
873	1169
421	473
859	1617
386	1153
869	1061
489	2469
324	953
1249	2321
459	687
614	1136
593	605
551	807
619	727
1520	2267
1469	1821
227	897
1169	1176
494	599
944	2241
2262	2348
806	978
786	2064
74	958
1372	1400
196	764
208	1889
584	843
259	1142
364	553
289	1480
190	568
1103	1487
628	1045
1174	1545
550	603
123	1289
82	697
114	1312
451	869
116	2445
392	888
666	1479
1856	1895
114	1288
1275	1300
1639	2327
1336	1361
1489	2421
620	846
722	751
480	1157
1	2244
363	1063
1078	1497
337	1134
577	701
967	968
12	1030
722	1203
673	1134
1136	1328
87	89
142	1157
1079	1497
602	2045
1643	2181
112	1206
32	162
453	746
371	620
1847	2086
945	2208
419	2080
1125	2479
659	2434
24	346
683	747
661	1097
570	781
474	823
197	1202
40	497
166	712
473	1310
463	2654
1248	2321
276	1054
434	913
570	1298
317	389
1701	1702
1040	1196
332	609
235	1924
1006	1862
969	1057
569	1061
1070	1075
1182	1799
1491	2046
107	1118
525	1409
560	934
1750	1826
328	2246
371	604
131	1167
261	1120
131	360
233	274
1944	1964
1003	1004
863	897
779	1429
694	941
1466	1643
1909	2389
1205	1206
260	629
94	96
407	999
278	633
656	1001
398	950
981	982
1311	1319
1115	1120
1067	1305
1119	1172
2	5
393	1675
1047	1049
658	2411
196	2475
342	1295
1240	1287
966	969
751	2608
2091	2139
243	901
16	1300
71	110
1635	1981
608	614
233	1057
2151	2202
791	1112
667	1201
397	612
1905	2656
420	434
869	969
317	2048
2082	2581
224	970
482	1518
468	816
162	853
1762	2560
22	962
2074	2627
1670	2345
2162	2229
1399	2559
1653	1861
582	1195
520	937
29	30
407	820
1554	1976
1053	1241
858	1807
1532	2457
1152	1607
239	383
449	1040
554	1097
809	1528
653	654
881	1888
561	563
482	1938
432	1159
570	1063
603	1328
590	801
300	305
129	1149
303	1654
960	962
261	2592
101	103
1136	1137
1015	2650
168	991
262	810
1641	2530
1435	2170
37	837
102	1052
1171	1172
378	381
327	448
197	204
2308	2499
301	562
620	1119
1630	2215
2081	2134
376	392
497	498
420	705
980	1045
23	795
853	1004
89	389
362	1061
467	657
163	194
791	1295
115	1314
2551	2600
533	2648
2376	2388
238	1625
880	1263
1993	2029
319	1283
130	1291
1014	1067
1017	2488
873	1663
469	644
1403	2379
373	374
197	362
569	610
465	625
1219	1671
1060	1292
253	440
936	966
324	1264
18	2662
1094	1708
449	1178
562	565
1079	1668
1463	1508
485	2469
2069	2092
313	1912
123	321
286	1047
610	1057
770	2378
555	1181
2276	2411
88	2010
819	1300
512	2598
740	1153
9	68
1197	1207
1279	1283
84	760
233	1141
1093	1097
1144	1206
230	2632
382	663
646	1445
694	867
1026	1539
538	541
152	587
977	2040
326	2042
1664	2469
339	1233
128	1355
649	2464
131	920
114	2445
278	1289
1120	1205
564	1026
442	668
748	1511
992	2119
632	635
328	666
364	1057
209	959
1268	1279
652	1312
872	1042
627	628
822	823
1001	1109
596	737
740	2444
129	847
1038	2584
277	873
9	32
35	1289
163	2507
177	2188
333	971
481	585
664	729
1661	1871
1044	1117
1125	1533
1125	1153
162	1780
1915	2492
137	657
2047	2586
946	2155
1343	2002
16	32
279	1107
1249	1329
109	937
166	842
1171	1289
241	748
1483	1685
831	2628
6	1387
2279	2476
555	645
68	1003
443	818
91	1868
660	1057
12	1261
343	635
225	669
1046	1047
2363	2398
214	765
1649	2356
1329	2193
538	2076
196	667
218	666
550	920
2104	2450
346	591
568	920
232	2456
375	818
84	1075
321	349
1162	1290
625	1198
818	1047
1714	2634
323	2098
237	390
1143	1205
359	2149
1300	1574
2180	2376
365	852
2216	2371
599	1271
941	950
278	1118
922	927
175	291
534	1295
674	988
805	1027
1750	2551
580	2092
897	2067
404	1197
132	1055
1937	2242
632	884
90	1154
672	2238
321	843
757	1236
256	1045
365	397
882	1179
1057	1202
711	1136
979	1117
237	318
356	972
1662	1693
1352	2008
2120	2465
1042	1043
1075	1100
1357	1380
857	1055
175	1016
1113	1120
292	566
614	844
587	659
106	108
583	585
257	259
953	1047
965	1283
1057	1085
388	589
1727	2478
123	424
1713	1974
1042	1049
415	691
2358	2661
898	903
148	285
560	687
1311	1357
218	550
397	768
443	921
216	710
570	1022
950	1854
102	323
374	1751
256	1315
416	921
1328	1329
130	137
320	321
463	729
987	1278
591	592
910	1030
34	35
134	1139
193	449
444	640
744	1316
737	1860
1144	1369
222	1201
987	1535
781	1063
250	1052
422	1291
892	2023
1365	2096
444	1058
239	2564
195	807
906	2252
250	713
1183	1799
61	539
947	2342
463	2590
571	1312
369	504
742	1860
2155	2548
32	1083
1380	2459
110	1545
95	97
396	481
722	1062
1112	1339
729	823
210	906
1063	2148
272	273
563	566
523	1135
344	1075
546	993
795	2426
527	2076
1244	2291
150	1180
1196	1199
342	455
104	219
196	843
210	476
722	1053
458	622
201	205
372	691
429	2357
993	1012
1539	2337
262	631
999	1020
382	705
1009	1011
189	1430
880	1166
1749	2646
1528	2286
758	960
953	1278
1666	2017
404	1054
838	2592
83	672
371	1172
808	1303
73	1146
459	659
1704	1856
609	1201
1094	1097
433	2118
1218	1671
333	612
1395	2202
1151	1154
1065	2160
775	2112
251	263
1946	1993
1455	2494
1007	1008
259	1485
654	1292
372	374
1358	2397
236	1625
713	880
167	817
202	478
84	598
1071	1668
123	395
29	31
295	296
572	2111
84	89
480	999
327	331
555	1464
373	633
290	291
667	1292
476	941
851	1140
672	1521
1142	1144
976	2081
585	846
1114	1116
746	971
781	1149
588	1279
826	829
318	494
441	1210
499	2108
1034	1790
484	486
1480	2037
126	1206
319	391
668	1035
187	892
1195	1205
1159	1806
106	111
630	746
328	1114
57	875
257	1085
481	1316
381	2367
1055	1288
964	1271
519	1249
2177	2586
1310	1318
748	2593
2046	2238
373	424
134	331
271	1163
650	654
770	2142
69	253
330	334
2192	2348
207	1031
508	511
402	1881
1664	2245
1311	1328
867	892
444	1300
459	934
746	1049
601	785
375	520
1469	2542
1351	2128
131	190
286	2608
968	1201
643	645
374	377
1441	2458
677	1663
1210	1292
1446	2391
472	913
1171	1174
1011	1921
453	971
375	937
691	1287
907	1483
328	844
617	731
601	696
829	830
617	618
728	906
190	603
880	1040
1264	1535
43	1602
764	1171
342	418
603	1114
1584	2576
973	1235
2443	2449
1466	1852
1285	1475
794	2587
135	667
270	2163
1693	1754
1905	1935
1454	2005
1378	1574
341	616
1260	1883
209	2117
781	1150
1287	2601
40	41
1026	1336
1627	2648
102	936
217	218
283	1032
362	396
676	2607
1992	2062
779	1493
482	910
261	262
554	853
61	462
2533	2588
1121	1144
1575	2315
1499	1853
68	232
868	1380
638	2424
234	2294
443	1053
129	363
852	1175
1210	1212
507	508
1052	1196
108	364
1125	1134
612	746
289	1332
256	259
185	253
457	681
119	608
257	374
470	892
868	1328
613	1176
1516	1523
34	1166
253	465
469	2290
57	58
1171	1173
471	624
1687	2289
538	540
344	1281
352	1735
318	1154
667	1210
1074	1078
611	853
1009	1862
467	810
107	108
321	980
754	809
1791	2196
515	791
231	1463
200	204
559	2403
2643	2648
965	2435
1039	2235
1401	1562
256	261
659	817
651	655
606	607
23	740
1778	1981
324	1535
293	575
966	970
1031	1327
613	839
410	838
761	1282
223	451
816	986
746	1290
126	859
1058	1305
103	194
987	1053
983	2653
1555	2595
333	1143
139	2621
586	656
921	1996
1155	1826
982	2644
343	2298
880	952
317	1270
251	262
162	392
921	987
402	663
2	2473
21	589
1370	2163
582	1291
704	915
1166	1177
576	577
269	2163
827	1658
826	833
1616	1967
1792	2334
1446	1800
150	2647
1026	2433
1226	2555
325	1232
221	225
650	653
886	887
116	1289
421	1310
1368	2377
665	2410
1803	2518
425	838
480	1033
316	739
1271	1821
453	2151
216	393
389	390
1070	1071
337	866
101	110
1175	1186
486	489
1269	1272
1069	2501
865	2498
651	653
200	1083
319	742
339	701
1587	2288
657	897
455	515
824	831
119	163
587	687
937	1180
34	217
345	1737
409	1636
858	1206
56	818
1812	1843
128	1070
994	2119
257	846
137	262
89	1147
369	727
1008	1862
721	2217
590	1100
828	832
520	751
516	723
71	1142
471	1054
1507	2451
475	476
288	817
753	1000
760	1699
625	1288
208	214
187	402
498	950
996	1922
589	961
128	2499
1047	1241
884	1277
1007	1033
515	1327
224	987
1224	1261
1062	1064
8	1906
680	931
1271	1272
471	872
173	176
88	1711
273	1328
550	1136
9	1083
178	671
1142	1317
480	1007
336	645
2004	2343
1735	2456
1023	1336
322	971
970	1173
666	1114
198	416
757	781
125	1120
840	1266
250	1263
453	1162
654	1289
411	1722
415	468
439	723
107	1140
118	1165
22	316
742	2070
437	951
287	1303
1203	1206
298	1085
249	255
116	1171
88	1868
167	560
481	1730
622	1866
2118	2539
1	1678
1142	1545
75	240
666	1654
799	800
21	235
118	523
392	819
627	979
2201	2226
161	771
103	1114
338	1805
298	604
179	645
721	723
1632	2296
910	2278
721	884
169	687
768	1049
651	656
1218	2026
1533	1596
324	1062
466	1318
19	285
1493	2587
1123	1124
104	409
542	543
1065	2396
318	761
18	1102
1553	2186
1198	1288
75	76
552	667
336	339
2221	2242
1076	2066
1733	1791
393	394
429	862
2171	2583
425	768
765	1304
660	1316
32	1064
365	889
859	1206
635	1048
198	1278
565	1064
475	912
1687	1847
67	1046
466	883
1153	1971
873	1303
12	771
256	633
443	1173
219	551
664	1129
713	1178
416	634
870	929
140	337
864	2343
1040	2175
1833	2609
181	1101
2088	2234
454	590
1701	2482
516	521
788	789
23	24
1701	1853
123	628
195	253
1	1260
135	1056
697	700
569	1119
136	453
1398	1436
750	936
1008	1010
1510	2114
17	1181
48	50
150	1173
1480	2414
274	660
37	1073
507	513
891	2576
100	674
326	959
285	884
1700	2244
289	977
729	730
229	570
1635	2355
1301	1932
452	1097
1172	1249
1199	1206
474	777
655	657
332	2246
463	817
70	71
883	1149
217	250
382	420
242	1265
197	451
1118	1315
46	51
455	860
256	395
1639	2336
402	2031
280	598
226	2592
118	125
723	880
118	766
250	323
811	812
978	979
469	1053
282	283
120	185
318	599
466	505
200	1004
169	636
86	87
916	917
517	1015
116	441
2050	2589
186	467
1357	2113
740	801
1389	1777
383	2196
329	465
1562	2579
1253	2527
851	968
1189	2504
1112	1327
34	884
1401	1981
304	1106
674	729
1219	1230
312	313
606	1127
9	1896
343	819
90	741
53	840
463	864
314	737
936	1263
42	1602
466	1126
469	921
229	363
1095	1708
1541	2483
613	810
1040	1043
374	1119
562	564
560	864
350	634
225	1317
103	163
482	1031
299	2012
590	591
697	1098
386	740
325	639
485	1527
790	1663
12	482
755	1650
46	2426
883	1022
439	713
1875	1911
1197	1201
23	963
73	1103
355	357
107	1171
193	204
1578	1636
1573	1775
1597	2642
699	1134
336	338
526	1265
187	867
935	1783
369	809
516	721
469	520
1562	1917
2099	2439
235	738
218	273
860	1190
1299	1378
56	286
1549	2048
218	224
226	1319
565	1300
1207	1894
670	753
646	835
1895	2559
178	1192
200	611
2044	2236
1817	1874
187	663
53	546
696	1740
36	214
560	563
652	657
164	2507
102	713
1172	1316
1055	1636
420	1974
1086	1103
868	920
1166	1175
624	625
340	1684
1512	2613
73	1086
1229	2504
217	226
468	1166
936	1178
1113	1117
362	1141
321	1210
21	87
1813	2355
285	750
276	450
520	1535
1038	1790
111	1162
452	1211
103	614
152	167
2340	2645
1521	2185
239	1565
19	713
1403	1840
4	6
1190	1265
439	936
360	608
361	882
548	1528
1077	2207
1036	1318
996	2526
976	2413
990	1955
326	836
930	1090
72	572
449	952
395	1210
610	846
308	2567
67	1035
1113	1135
985	2615
66	2367
387	391
1906	1955
232	1083
463	674
1180	2647
123	349
408	570
1315	1319
373	667
190	872
1834	1963
1023	1027
586	768
362	610
990	1942
102	217
116	373
563	1021
158	1275
108	744
792	797
385	1275
193	952
167	664
746	1319
1236	1551
221	1138
328	1351
470	622
237	761
1517	2249
1400	1436
1497	2437
714	1278
114	394
1223	1358
1230	1231
111	630
313	1019
420	1929
172	1851
469	722
130	1775
1471	2400
146	717
278	1292
163	2568
644	645
1474	2005
660	661
857	1168
1516	2186
344	760
872	1197
86	758
234	387
1624	2642
739	794
761	762
111	1143
1427	1585
106	107
209	210
1043	1137
375	1053
34	880
236	344
136	1143
1135	1369
1136	1139
317	699
119	1114
103	111
224	226
1209	1314
2596	2630
2	3
164	760
1460	2472
666	1197
162	1275
761	1154
632	1178
492	1119
670	845
883	1318
780	906
1728	2445
1583	2126
450	533
561	566
210	892
9	554
608	651
717	1266
2215	2574
941	1360
1062	1203
666	868
376	565
454	1147
68	1300
611	888
55	2486
114	1198
250	1196
469	2647
947	1073
495	496
653	1138
1098	1099
194	920
2298	2348
660	744
442	1329
304	1258
148	1277
402	695
942	1962
1063	1145
1913	2304
918	919
131	163
72	859
396	846
825	831
470	472
1435	1529
670	743
38	200
1270	1281
321	395
2021	2093
664	674
503	2657
1152	1280
223	1249
256	263
1026	2337
285	439
369	619
190	1114
1099	1102
279	809
683	2493
777	1237
1179	1248
632	1185
167	459
2146	2170
826	828
534	2523
1670	2411
454	1125
1759	1782
2121	2142
1685	2637
401	1106
1504	2251
663	728
12	1190
257	492
609	1292
418	514
626	653
222	1289
32	38
55	986
1169	1175
275	883
343	1048
699	1270
207	1224
1362	2124
1084	1157
988	1129
1135	1143
12	791
466	1145
989	1989
1044	2370
21	23
444	1305
496	594
670	2646
181	1455
1652	2422
1256	1836
546	840
843	2314
669	1174
652	1168
898	1023
758	762
40	283
1136	1311
884	1185
969	1249
560	565
817	1129
623	628
1059	1060
74	1029
610	1329
59	407
107	222
32	1014
1147	1281
673	1491
520	1173
1282	1283
1630	2316
664	2114
854	955
714	1535
1152	2296
806	807
1576	2617
588	792
222	2314
236	1270
559	1033
670	767
62	1296
684	2493
393	1135
643	1081
223	371
376	1275
764	1118
646	1029
1832	2523
764	1056
1061	1202
162	888
450	1404
1043	2175
589	1269
775	1793
1098	2005
1618	2361
198	202
622	941
374	442
404	550
851	1056
171	2063
818	1335
960	2162
1055	1056
1819	2545
467	839
1790	2484
1816	2535
131	471
475	479
852	1290
441	1315
133	653
1030	1163
84	1815
102	1240
408	1509
1052	1166
142	173
1338	1661
526	749
273	651
1020	1104
35	36
471	1114
2136	2594
912	2097
699	1125
2173	2384
1100	1134
258	937
542	1841
541	1450
1825	2569
773	774
1178	1185
81	1815
413	447
722	818
298	442
395	396
738	2070
1141	1143
1083	1097
544	2226
419	2054
2426	2587
675	2038
837	1161
1933	2117
1603	2546
318	2048
136	137
575	576
429	1236
294	2195
633	1140
1266	1267
667	1045
527	1588
2239	2260
621	1528
2394	2411
832	2427
792	796
913	950
486	490
91	391
343	888
96	98
287	643
331	1044
1114	1117
694	2380
115	1117
1582	1782
398	892
483	825
1981	2660
1837	2378
2489	2558
632	816
1594	2294
608	666
535	2513
199	369
550	551
636	687
135	222
451	1119
148	750
152	1105
323	880
385	1058
1965	2519
446	1784
326	497
925	1301
196	628
1074	2207
686	1103
196	1045
767	923
237	2294
517	521
232	1305
2238	2621
138	141
408	1236
383	470
453	838
56	198
442	1046
624	920
16	1305
723	1677
508	2598
89	280
1185	1196
332	633
654	2284
623	766
844	1054
988	2420
463	636
771	2341
2022	2049
2217	2373
649	1179
371	660
981	1519
571	2111
328	360
327	523
520	2608
790	1081
451	553
416	722
416	1180
285	1287
1087	1661
468	1196
422	1775
50	2130
397	410
1519	2088
256	851
1099	1181
192	1121
1157	2348
1774	2509
186	859
275	1126
968	1210
550	1328
1830	2110
689	2308
721	1196
218	568
448	1309
523	710
1200	1206
1001	1186
241	2018
370	820
522	927
250	257
582	1494
922	2331
255	1138
135	256
394	465
1943	2073
439	1263
561	895
2618	2642
194	252
1137	1168
114	551
35	373
392	661
130	136
871	1032
635	1058
568	711
102	105
1003	1058
1384	1801
1400	2100
574	1359
610	612
372	952
34	691
880	1059
1251	2251
721	1287
78	975
952	1240
1263	1287
618	826
1749	2027
247	2049
936	1196
194	603
675	676
482	771
162	1003
967	971
22	24
682	683
749	860
638	639
148	193
955	957
179	648
1031	1224
1247	1249
322	852
505	1150
550	608
142	1742
56	1264
69	219
402	434
880	1287
549	2202
1255	2525
226	746
404	1042
565	1097
1266	2346
320	710
23	389
569	585
673	866
209	1255
779	1128
760	866
1355	2417
555	698
241	341
426	2001
1285	2579
610	1590
38	1048
214	1323
455	910
637	1461
409	571
266	268
727	1823
1186	1319
760	1194
1009	1010
2344	2395
620	1329
1361	2122
689	1353
622	694
2098	2441
431	2585
235	388
1300	1739
337	795
739	1133
562	924
103	107
880	1185
142	820
759	760
631	1206
193	1178
486	488
554	635
761	1271
793	2426
256	260
333	1001
43	2505
227	1320
109	1203
452	1067
1416	1476
2368	2508
252	1042
452	454
149	433
303	977
108	1035
493	847
111	453
199	621
1630	2646
218	328
103	104
710	766
1315	1318
598	1075
9	1300
586	1162
136	1175
102	1277
923	925
2299	2320
1007	1769
68	1067
896	1086
649	1692
1750	2530
711	1850
451	655
1171	1176
433	2539
453	656
1042	1047
1107	2647
126	1176
1805	1835
258	818
386	801
487	1527
226	1162
8	998
1079	2437
519	1316
1091	2013
383	950
888	1014
101	448
1195	1291
163	1274
921	1062
866	1100
219	1115
937	1173
560	1105
2416	2456
347	1205
395	851
35	135
472	892
1492	2534
198	2608
415	416
391	1155
152	1080
1632	2216
410	656
35	332
2176	2198
897	2249
597	600
818	1203
150	1053
135	196
1535	2647
1063	1298
606	1453
1482	1508
443	1062
120	329
316	317
375	1751
1200	1207
560	561
271	1295
792	2059
127	1495
1378	1930
569	969
1165	1775
661	1275
2150	2498
650	1195
140	1075
1611	2657
454	963
454	1281
18	339
257	569
1863	2559
279	842
370	1033
179	1099
435	2585
149	152
303	997
1122	1533
16	392
1852	1880
257	1172
1782	2341
270	1939
248	1591
217	372
337	1805
365	768
729	934
1416	1830
674	1772
262	1320
554	819
444	2029
386	1681
533	666
385	1003
402	780
940	1977
2071	2388
830	2628
146	1012
910	948
257	610
1250	1300
1935	2656
1021	1301
258	443
187	398
556	856
1445	1819
486	1527
568	666
258	634
731	1023
1476	2517
585	2299
16	68
1311	1315
988	1093
609	1056
936	1185
1224	1265
719	1421
481	569
409	857
331	627
534	1190
2054	2443
149	664
2148	2205
93	99
132	185
717	1294
489	491
288	729
1479	2410
703	1343
564	2401
69	807
100	167
232	385
953	2172
2037	2084
376	444
1510	2574
1349	2276
515	1224
714	722
390	964
68	661
1064	1300
501	502
433	1237
653	657
445	446
336	1805
846	1202
498	705
325	576
610	969
109	2608
2055	2602
1809	2468
314	1907
468	713
72	334
1062	2148
229	466
2067	2659
1339	2020
582	623
655	1119
1968	2274
506	1629
799	1073
278	395
914	1034
653	1170
200	1064
107	764
223	846
735	1756
2151	2172
1034	1385
1064	2148
19	250
342	567
573	1445
1418	2316
103	109
651	711
823	934
1602	2616
134	1314
281	862
1127	1453
453	586
1040	1046
952	966
68	1014
1884	2582
190	533
800	801
2341	2521
582	1165
1192	2618
23	1134
321	628
112	137
872	1054
114	440
87	1269
1290	2592
942	1360
325	698
115	1209
121	1138
1643	2642
585	668
551	1312
1460	2578
859	863
625	861
425	2592
1731	2506
17	336
102	113
235	315
402	913
453	1049
482	534
974	1498
1558	1582
950	1626
1399	2506
79	1580
190	1136
657	1333
1214	1215
2303	2491
314	960
330	1313
92	2261
237	741
1143	1290
1139	1141
375	1180
351	2466
434	950
1046	1202
103	328
628	631
570	847
219	861
1926	2614
195	201
99	2261
818	953
434	906
314	316
1694	2071
1060	2396
169	288
1147	1270
851	1118
962	965
1902	1952
1837	1860
1813	2304
1484	1543
396	1119
1658	2453
568	1654
1125	1194
892	950
2055	2444
317	598
82	2607
816	1040
1376	1842
656	852
1093	1708
180	1134
358	951
597	793
1721	2120
131	1042
223	364
1362	2372
126	227
407	1007
1432	2504
1887	2334
1077	1668
407	1104
1163	1265
261	365
111	586
890	1179
652	1198
613	1206
518	1016
1278	2647
410	1162
373	395
89	140
1137	1312
56	443
2078	2278
691	1240
1182	1183
860	1030
125	612
626	1313
792	794
730	761
868	1197
160	2318
969	1440
235	759
35	107
115	134
567	1190
386	699
26	466
1313	1319
36	199
365	1120
308	311
419	2305
102	109
631	657
604	1172
2000	2648
553	668
714	1241
1365	1719
1848	2385
32	853
2394	2437
835	958
712	842
1143	1293
639	640
671	1491
823	1237
666	669
2545	2594
560	566
1214	2001
104	1312
427	2254
887	1170
610	1061
699	963
498	2158
612	1120
1466	1998
220	637
438	1106
242	1030
298	371
94	973
1186	1293
1114	1654
516	986
610	660
221	653
112	657
328	1197
332	1056
362	1119
1074	1364
258	324
1055	1115
451	744
1795	2179
648	1242
1931	2238
129	570
1100	1270
784	1622
651	1114
190	1167
1023	1026
514	1295
80	1071
758	1279
1030	1261
609	667
609	1289
1022	1063
948	1327
398	906
360	361
260	262
252	360
789	1665
166	548
505	757
1080	1082
713	1052
235	1625
1061	1172
209	1468
1869	2587
1018	1019
1197	1311
713	2533
575	577
2041	2250
1168	1171
112	262
596	960
2164	2519
94	2261
1788	2150
218	603
821	2095
9	635
525	852
197	869
395	1045
640	1004
458	476
193	372
389	454
519	1329
1026	1364
649	890
275	955
341	922
1083	1250
344	1125
255	257
1057	1058
198	286
534	771
336	639
150	751
327	885
207	1295
1113	1114
772	2537
9	385
1598	2299
312	518
517	923
56	953
2060	2455
1164	1698
197	396
193	200
1171	1292
36	1554
753	1015
1016	2488
1247	1250
1290	2601
1043	2370
1200	1203
319	1272
242	1190
1199	1200
79	2275
1139	1142
1236	1298
253	551
439	516
749	2593
417	1304
1415	2139
375	1047
1482	2440
587	864
1214	2053
576	648
713	1059
1920	2607
166	754
371	1119
92	98
699	866
349	654
524	670
34	37
84	699
1195	1206
475	1385
271	2163
21	24
253	256
980	1171
1007	1009
1133	1134
332	349
9	1250
1383	1417
66	2520
986	1040
1042	1046
889	1143
216	220
971	1205
318	796
139	140
1044	1045
130	249
603	868
180	2255
632	723
1140	1141
2	2500
12	161
110	111
9	1058
599	1154
154	1796
89	1711
525	1319
69	104
988	2210
548	1304
278	980
442	846
250	936
1149	1298
459	1105
141	2137
1113	1118
643	1482
801	1100
1435	2153
90	1868
277	287
723	1196
1058	1097
418	567
422	425
1413	2158
331	1763
356	357
501	503
395	609
959	1442
746	1293
524	923
496	2559
95	2403
1004	1250
406	2021
419	997
634	751
318	964
883	1063
217	1052
317	454
123	764
2577	2602
860	1031
1530	1925
651	657
1938	2518
130	1309
103	608
2449	2478
224	921
817	822
849	2263
1151	1152
849	850
1900	2381
1518	2518
271	1327
469	714
1000	1015
1826	1971
448	1291
867	913
408	1126
104	652
921	937
662	708
1148	2120
443	444
425	525
1199	1204
410	1175
24	390
655	846
278	1060
591	1282
645	1066
561	564
1379	2112
261	1293
311	1230
2176	2354
252	261
392	1097
1181	1242
2214	2623
158	1067
1734	2416
348	880
194	404
231	1324
1190	1327
430	804
371	668
722	1047
609	1060
256	1140
199	204
1704	2250
164	673
1414	2110
534	860
253	1043
1249	1250
279	1373
1365	2263
158	819
374	1046
608	1114
72	839
196	1210
227	1176
1203	1241
559	560
459	636
53	146
304	2663
249	1113
24	1282
1309	1319
350	1173
1464	2458
94	1785
1022	1145
1036	1126
269	1637
1838	2613
12	418
480	1084
863	1206
194	202
968	1140
404	711
821	1346
608	711
1081	1663
235	961
1659	2063
552	851
763	882
323	1196
77	2264
112	631
1166	1168
990	2625
104	465
93	94
103	1167
187	1641
1040	1287
443	970
140	866
714	937
550	1274
1398	1762
249	1775
332	968
261	838
1254	2525
108	1046
816	1335
110	1317
598	673
1071	1076
2152	2177
173	175
1840	2501
2410	2472
200	1305
410	889
293	649
116	552
246	1164
599	2145
751	1047
501	1567
1058	1300
68	2324
320	422
320	322
2250	2597
577	1233
449	454
441	980
630	1293
408	1149
1153	1155
310	1218
1060	1064
278	2314
487	2469
824	833
376	1014
1021	1022
401	1130
1884	1920
69	120
854	1150
692	693
791	1265
416	443
140	1147
1353	1561
1037	1039
163	1042
194	550
650	652
528	2271
1054	1167
2442	2635
603	920
553	610
495	580
114	253
227	1121
350	1241
236	1924
1368	2469
823	826
554	1014
227	657
239	398
35	424
60	2433
885	1195
484	1527
1289	1292
442	620
258	263
278	373
220	254
498	695
424	1289
37	1976
12	948
649	882
214	369
655	1061
116	1292
383	695
145	146
691	884
96	1692
350	818
944	1571
363	1150
676	1920
721	1059
67	364
603	624
197	519
868	2131
75	756
659	1093
418	595
276	1274
340	2376
1646	2392
1557	2631
163	164
999	1000
569	1172
129	955
922	926
224	227
1793	2549
576	579
967	970
116	123
611	612
569	1202
325	1066
374	492
428	601
514	534
200	635
127	1237
114	861
132	571
528	1438
1855	1856
2212	2345
373	441
1449	1566
293	2569
884	1059
273	404
1175	1319
207	791
437	896
1033	1035
67	481
398	705
67	233
223	362
784	870
889	1205
166	189
254	257
984	985
484	2227
198	443
1176	1177
964	2162
384	704
55	56
373	968
100	127
791	2351
1277	1287
823	2588
391	762
493	1145
674	1237
653	1333
860	1797
1935	2319
198	1535
1033	1084
130	1165
52	1164
225	1204
537	1492
782	2142
1891	1948
218	1042
1878	1914
314	588
274	655
117	1142
400	2242
350	1203
739	865
590	866
677	790
167	822
763	1248
135	1201
325	1181
1339	2419
56	224
254	1081
84	337
864	934
481	2272
376	1048
273	868
164	1125
366	367
351	1941
1124	1125
872	1654
468	1263
178	182
130	393
7	1677
765	802
196	980
314	317
860	948
1394	2195
805	1253
569	1085
332	584
1204	1485
868	1167
358	879
135	654
425	656
412	1722
888	1250
1520	2596
915	917
108	374
1182	2390
803	2062
503	2022
217	691
236	238
623	630
137	1144
1840	2379
1674	2072
1310	1313
888	1058
1143	1175
449	1240
1201	1315
657	1144
1110	2640
113	1177
287	808
553	1119
620	1061
650	1113
148	250
690	1353
1761	1834
176	2401
741	2070
348	723
751	1203
84	1194
552	1060
397	971
941	944
291	562
666	844
1258	1259
1011	2446
34	38
1741	2282
222	225
829	903
753	755
1075	1270
104	111
451	660
1491	2027
1168	1175
1151	1155
404	608
1636	1779
1175	1176
316	318
1195	1198
1587	1735
272	1831
604	1061
34	952
125	226
1024	1336
195	1055
2546	2578
1168	1173
34	936
1201	1289
1204	1205
304	401
200	232
1267	1962
383	498
923	967
472	2082
517	522
84	2607
1060	1210
868	1654
152	864
553	569
320	1291
415	439
980	1315
129	781
2035	2412
571	1055
636	1461
580	1106
777	1129
957	1604
290	561
214	1107
35	851
281	955
1491	1521
786	1608
1062	2608
439	721
345	2035
408	1298
753	845
409	1168
449	453
38	376
180	236
285	986
759	1280
113	1321
120	1115
510	512
1004	1300
109	634
738	1152
1831	1997
472	950
942	1571
442	443
116	2314
286	2647
719	720
726	1050
270	341
1332	2414
1703	2098
229	1126
1449	1499
1070	2437
986	1263
347	1162
440	807
629	631
654	657
750	2199
1692	2268
915	916
133	887
449	936
757	1036
39	1022
1931	2374
536	1331
350	1047
1256	1297
431	432
451	1329
872	1328
932	933
1849	1874
689	1234
564	566
34	449
801	1270
632	1040
236	237
398	941
638	1096
959	2360
463	1237
1863	1895
860	1224
552	1289
1053	2608
688	982
223	1046
1349	2434
599	2338
1040	1178
349	1056
614	1054
689	1561
11	1537
135	1210
442	1119
2406	2439
1224	2121
323	936
1442	1798
435	1631
155	157
597	1280
714	2647
163	1654
137	227
941	1571
714	751
390	730
343	640
1196	1894
87	88
1211	1212
397	656
402	1526
1035	1037
1382	1416
732	1128
371	1316
1114	1119
511	2598
468	516
288	659
35	321
217	219
161	1265
825	1017
383	728
1475	2579
687	2307
2251	2380
565	1058
1309	1357
187	458
108	655
472	694
727	2286
307	1226
164	1134
416	2647
576	698
210	398
216	1775
760	1270
257	442
771	1295
849	1365
1491	2646
223	227
385	1004
89	866
492	569
19	966
17	2662
119	120
1199	1207
362	869
1060	1063
611	1004
199	712
207	595
673	801
2209	2273
107	667
255	626
1109	1175
551	652
628	1060
288	822
9	1064
158	444
69	72
661	1058
482	791
11	1243
505	883
570	1126
671	1098
448	1195
539	540
94	97
233	374
397	1162
319	1155
478	1978
1369	2098
194	868
946	2548
55	691
333	586
548	765
487	491
644	1500
220	808
392	1275
111	1205
249	393
1851	2200
1484	2462
447	696
258	987
651	1654
722	970
618	1361
431	1950
406	1623
413	1525
1288	1636
1458	1810
199	765
1522	1984
554	1058
1715	2014
1483	2203
986	1196
443	937
298	1035
727	1304
1034	1038
1817	2359
2084	2134
1762	2355
194	360
437	686
962	1133
106	221
1630	2574
634	2608
256	262
833	2588
592	1155
639	1849
618	1493
68	2122
329	857
455	595
352	975
1859	2191
1042	1114
1173	1241
304	692
26	862
496	922
1754	2313
200	385
418	1190
48	51
568	570
468	469
34	516
55	936
668	1249
276	550
1029	1445
741	1271
1242	2130
1173	1175
20	314
1949	2484
818	970
225	1545
1078	2066
148	1196
474	477
568	1274
441	633
249	253
1499	2287
858	1144
111	1175
93	972
21	1269
519	520
1312	1320
1955	1956
1072	1078
497	499
876	1294
516	632
250	2549
575	882
1351	2100
583	1104
818	2608
142	143
694	2251
963	1270
742	762
2091	2124
1073	1077
459	777
117	1545
2341	2347
191	1209
824	827
390	1271
259	2549
120	551
634	1264
2104	2566
545	1882
1145	1236
448	623
1035	1085
360	1197
322	453
879	951
281	408
167	687
2262	2298
2	7
446	1376
331	1314
795	1153
790	1199
1043	1044
1592	2290
604	610
1059	1061
714	1180
163	1114
1152	1153
341	2128
376	635
358	2319
880	1196
333	2592
123	1315
420	1713
1046	2175
611	1067
553	1726
1232	2521
1222	1671
1201	1894
525	612
185	219
1504	1859
595	910
71	1204
19	750
129	1298
474	478
178	2255
818	1173
1469	1822
654	2416
342	948
1246	2039
121	653
118	124
34	750
433	587
253	394
372	1240
71	117
327	766
1035	1141
946	2208
1399	1731
376	1058
376	1083
193	966
876	993
241	1558
2320	2349
622	2453
68	162
90	346
820	1020
1048	1275
885	1775
2157	2180
1089	1849
559	1157
1056	1201
857	1198
1596	1947
539	541
891	905
1495	2546
910	1112
621	842
218	220
251	2460
1008	2446
1370	1637
534	1030
2223	2434
116	609
35	1060
1120	1121
807	861
1142	1143
126	631
130	320
1863	1922
545	2604
859	1144
673	1749
986	1240
343	444
1170	1200
468	1040
89	1100
349	1292
372	816
277	1169
820	1007
158	200
1231	2504
344	1147
199	2475
551	861
356	531
226	1109
1163	1261
13	2248
53	1294
66	172
1067	1250
757	1150
1060	1065
925	926
250	372
217	222
521	566
1736	2128
551	1198
1401	2323
415	632
329	1763
1145	1150
552	654
907	2420
56	921
424	441
472	622
304	1130
534	1327
1045	1289
478	479
1309	1314
119	711
1886	1925
1887	1926
82	1815
217	221
236	1075
1904	2236
119	131
327	1135
559	1084
410	1293
713	966
595	771
1786	2469
897	1121
1246	2544
401	692
63	282
854	1145
376	661
599	2377
583	1494
167	288
195	1312
470	498
252	711
393	582
178	1651
186	2589
1067	1083
1071	1072
308	2265
790	1303
375	376
258	1241
585	1046
655	869
504	1304
102	104
1884	2607
2060	2311
965	1272
325	1703
341	1259
369	765
2434	2474
535	545
820	999
481	610
526	1295
630	1175
743	746
611	661
619	1323
1705	1977
19	372
248	445
1768	2362
458	941
452	1275
454	598
795	866
334	572
516	519
323	439
652	2416
750	1178
622	867
674	1080
450	624
229	1318
223	257
193	632
571	807
801	1652
2208	2342
140	1125
2249	2438
149	151
193	202
607	1835
963	1075
632	721
1772	2471
470	1535
342	526
200	1058
1052	1277
802	1107
1049	2592
261	2549
1115	1312
1408	2102
422	650
1042	1197
519	521
889	2592
349	1201
208	802
92	93
1291	1490
1559	2558
698	700
1690	2643
611	635
402	772
258	1203
315	316
623	710
969	970
192	1144
975	977
1695	2468
604	1141
553	1046
1046	2129
185	807
955	956
34	1393
514	771
608	920
123	1140
92	97
1066	2032
46	50
525	1109
669	1545
1840	2563
413	428
333	1293
195	465
319	797
242	1295
861	1137
573	2117
1859	2583
242	771
364	668
88	962
196	609
563	565
538	539
1211	1275
714	1173
1136	1144
1040	1041
120	1448
745	747
126	858
455	948
95	2261
481	553
660	1249
1057	1061
429	781
2133	2217
187	622
653	887
250	1277
509	1230
148	1052
2198	2232
476	913
506	1828
232	565
383	398
9	611
149	1432
910	1261
193	1166
586	889
408	1063
450	1311
223	1119
92	94
534	910
123	654
828	829
454	673
454	1134
1379	1419
1662	2226
620	1619
58	774
208	712
253	1636
695	867
132	652
327	1309
398	695
1048	1064
439	1178
127	1093
519	553
1805	2465
1441	2552
704	1343
1904	2025
393	1309
663	772
382	383
104	195
1196	1240
977	1891
568	624
231	1508
751	1053
2012	2064
483	925
1366	1835
498	728
389	1100
1660	2037
853	1097
323	324
81	82
373	375
1332	2037
1036	1063
731	778
217	1166
220	227
115	2500
105	643
439	1185
1290	1293
124	1174
394	1312
1897	2286
588	590
225	1485
1325	1982
149	988
219	2101
194	1167
488	489
1542	1867
343	452
564	2403
1377	1395
222	654
440	861
101	582
1089	2175
455	1832
24	796
749	948
288	463
795	963
570	862
1109	1205
1175	1293
568	1197
887	1313
584	968
2020	2069
532	2347
506	2157
131	194
1085	1202
562	2403
285	1196
60	564
38	1004
536	1492
1398	2100
364	569
424	1210
655	1333
672	1124
1042	1054
1116	1120
395	1171
553	869
472	2597
108	451
469	1264
584	1292
1372	2624
372	986
68	1275
32	232
282	284
826	1128
252	254
222	628
396	1249
17	576
102	884
1872	2594
554	611
1764	2660
1540	2287
2038	2124
657	859
416	953
422	710
402	498
1943	1986
36	1976
108	668
623	625
418	534
1076	1497
1835	1863
252	872
26	570
739	2444
68	611
2010	2356
883	1126
215	1073
653	2284
1003	1250
210	1468
450	453
244	1804
875	878
992	994
1418	1419
1310	1317
344	795
36	765
317	319
468	632
396	1329
196	424
50	1851
584	1171
164	386
299	1027
768	971
597	2338
654	764
261	889
2238	2646
673	2027
149	560
410	1049
89	90
218	624
474	1689
563	2403
889	1293
2100	2443
624	1274
1265	1620
329	394
119	273
757	1063
1363	2613
1667	2023
866	2150
553	660
1922	2559
1502	1588
1064	2396
1410	1824
285	449
649	763
100	636
651	666
1860	2055
608	1042
1042	2129
540	2034
152	988
234	238
1446	2118
336	555
988	1105
302	303
2427	2628
137	1320
60	2401
82	178
116	196
222	373
650	1309
216	228
1434	2641
102	108
1828	2157
906	950
503	1408
2085	2322
376	888
335	338
636	1237
317	740
1537	2290
1656	1686
150	1788
514	948
197	203
375	987
551	1115
1354	2519
233	451
1559	1959
519	620
121	255
637	639
551	1055
869	1249
716	773
124	126
480	559
187	420
164	1147
736	1472
261	971
108	620
492	604
1852	2181
135	136
317	337
163	920
1339	2092
132	1168
947	1096
672	673
131	1328
1316	1357
416	1278
712	754
1274	2190
1100	1194
148	151
553	554
401	1741
196	205
1356	2451
226	261
304	495
418	1914
645	1242
642	1800
374	1085
883	1150
1752	2429
1522	1560
286	722
360	920
1695	2406
654	1060
105	109
133	1313
217	1277
561	752
1184	2385
68	343
608	1274
253	261
711	1042
1943	2468
499	500
210	434
687	729
455	1261
1178	1277
318	346
1135	1140
497	1255
824	1023
1151	2551
620	1467
482	1030
273	624
452	640
1120	1293
93	97
191	627
1053	1535
660	1035
705	728
173	370
586	1109
948	1030
481	969
304	580
678	1306
125	136
794	1869
341	2478
737	1920
360	362
706	2407
843	968
347	2592
1001	1120
88	316
2227	2261
31	2566
1613	1657
196	1056
1073	1161
1076	1077
223	869
842	1926
1040	1277
2410	2630
4	2377
826	1493
651	1274
271	1449
659	1129
111	612
851	2314
640	853
2507	2568
2414	2452
1007	1921
475	2097
397	525
771	1163
313	1350
215	837
135	1140
2235	2584
624	868
625	1636
587	823
657	810
90	796
10	1520
1210	2314
553	969
365	1205
132	465
599	1368
277	1605
766	1291
889	1049
382	694
132	857
660	1329
20	23
108	869
469	1180
816	1166
217	1263
466	493
217	723
1475	1562
1351	1372
966	1277
215	1082
120	394
964	2435
1690	1691
163	1328
2137	2189
1219	2213
467	858
449	516
1092	2013
1274	1276
781	854
468	1277
253	254
107	843
1390	2099
344	866
516	1052
131	666
350	2647
101	108
348	632
394	1055
314	387
816	1196
119	124
1761	2478
2202	2498
274	1035
934	1129
971	2592
625	1137
2134	2361
1287	1288
162	1423
1254	1255
386	1147
195	409
723	1263
429	1318
360	711
910	2335
633	667
604	1249
1045	2129
145	734
252	257
483	1301
116	851
2507	2541
2566	2591
280	801
226	1001
556	837
19	1185
434	892
932	2454
863	1144
1195	1200
2027	2646
189	208
652	1137
1080	1129
1432	2537
169	823
2204	2241
2044	2421
441	2572
1828	1829
1635	1917
1969	2022
215	799
433	687
160	1432
262	263
474	560
161	749
465	807
1173	1180
440	1043
16	1250
349	1118
1142	1204
1609	2622
525	768
424	609
424	764
120	253
424	1118
1643	1998
1873	2204
1000	1001
172	2367
237	494
218	1136
1041	1047
59	142
560	1080
474	1129
1352	1399
212	479
278	424
166	621
150	286
656	1109
1211	1300
555	1242
285	721
612	1109
514	567
187	498
9	1097
88	89
1874	2175
348	884
405	2021
620	744
888	1048
1735	2454
349	1289
697	699
1240	2336
786	2140
2032	2352
1169	1170
363	1149
1549	1907
2238	2573
16	162
195	197
853	1211
315	793
975	1891
498	500
216	227
836	959
1135	1139
475	704
316	865
261	322
937	1203
598	1147
1125	1270
392	853
449	1404
322	333
1220	1221
35	278
2285	2312
548	2571
584	1140
249	582
663	867
1822	2203
1060	2314
402	470
26	1022
332	843
110	259
858	897
612	1290
39	429
187	382
476	867
1015	1018
321	424
1889	2607
1003	1305
680	1563
333	656
38	1275
1074	1497
1508	1886
810	897
38	1003
1528	1676
333	410
1761	2658
386	795
701	1233
920	1328
621	2010
218	1197
288	1080
430	1238
459	822
232	444
331	1209
1179	1180
167	636
2041	2581
116	349
550	614
20	234
111	1049
434	695
67	371
1227	1231
361	575
1070	2207
766	768
937	970
656	1293
110	225
920	2079
103	1136
72	631
1268	1270
275	847
534	1031
855	946
56	751
1533	2479
1310	1321
2030	2217
117	1204
441	1056
84	1134
415	1196
222	1118
576	1066
635	853
1541	2614
368	946
249	1165
275	781
721	966
395	968
385	640
221	626
57	716
437	605
182	2255
1763	2246
211	212
585	1329
632	1166
35	37
1660	1942
193	713
1370	1386
138	606
545	715
49	1614
182	339
323	2441
667	968
781	862
889	1175
333	1120
1803	2089
885	1291
1196	1202
633	1171
102	1178
377	1751
743	747
399	2242
134	1044
223	233
108	969
1518	1559
598	600
296	297
1056	1058
795	797
350	1062
158	1083
1399	1431
1070	1497
1267	2600
564	1364
1258	1260
1045	1140
710	1775
661	1004
35	1393
323	986
1072	1074
216	222
481	846
1858	2443
492	1316
127	1910
634	1203
107	424
463	474
452	1064
252	614
1171	1201
568	1328
798	801
644	953
207	910
1069	2014
257	1057
277	278
329	332
240	2564
70	1209
632	1196
832	2628
969	1316
980	1289
505	854
371	481
1024	1026
1075	2437
493	505
960	964
1072	2437
1367	2392
450	1054
1147	2327
72	137
324	1047
104	113
1864	2643
1377	2413
609	633
255	259
1033	1104
1846	2328
397	746
1712	2456
1323	1330
937	2608
133	135
1044	2175
420	458
199	205
415	1166
844	1136
999	1033
582	1135
519	660
1319	1321
1066	2521
319	592
819	888
195	199
857	861
111	125
9	853
277	1199
1024	1025
471	920
920	2633
993	1516
254	260
166	1528
449	750
746	1175
107	113
85	752
829	2427
1240	1242
349	350
608	1197
588	960
100	433
492	1061
586	612
1014	1305
1301	1965
897	1320
695	772
671	2068
274	1249
445	2001
135	633
685	890
25	600
239	728
1352	2559
85	290
214	619
811	2253
257	620
794	797
271	1030
425	1109
142	370
226	889
713	986
568	1054
1497	1668
533	1136
1035	1790
1497	2207
1087	2013
125	425
989	1942
651	1328
668	1061
119	614
217	1178
1047	1048
224	2101
371	744
898	1127
481	1172
1325	1354
362	1329
396	610
442	451
207	514
112	467
655	1172
398	420
370	1007
1109	1319
348	516
527	529
360	450
26	1236
819	1211
91	238
767	768
1491	2068
880	1178
1031	1295
53	54
181	700
301	1654
1476	2488
655	660
322	1205
286	416
135	980
1661	2013
2236	2263
1064	1065
324	970
348	713
210	498
1119	1202
713	1263
233	481
2123	2621
1169	1663
208	1304
1087	1088
1273	1276
721	816
1817	1967
337	1153
150	1278
1300	1305
252	1328
1139	1140
38	1250
233	610
897	1206
209	836
267	268
218	1654
1314	1315
587	729
111	113
19	1931
102	721
220	1081
346	796
1442	1947
494	964
646	2117
239	420
962	963
829	2628
655	969
1403	2501
319	2048
742	2602
1071	1073
651	1136
1120	1501
101	113
1090	1091
1227	1230
253	1288
85	1729
216	1195
1801	2392
714	818
206	1694
1981	2323
1702	1983
19	721
34	1040
269	1386
148	936
343	2431
140	280
1112	1265
1448	2423
453	1293
1071	2066
20	22
393	395
1531	2167
115	2445
304	1505
741	2602
115	122
416	2608
282	1306
262	1206
433	560
210	1933
1286	2606
757	1022
1432	1788
328	471
196	1201
68	1305
1736	2056
807	1055
279	1304
1667	2248
208	1107
1402	1818
734	875
396	1085
1087	2047
659	823
278	349
417	1969
332	1210
1011	1769
560	817
40	209
180	1075
733	2344
179	182
439	816
534	567
1055	1198
652	1333
1190	1295
524	743
857	1312
921	2132
749	2096
636	1105
1047	1535
1093	1095
2408	2429
463	823
196	552
783	1308
149	459
327	1351
100	729
1497	2394
443	987
220	945
553	1061
445	2053
2191	2251
148	150
840	876
1035	1249
611	1642
2027	2573
1268	1269
333	1763
699	795
979	1139
713	1287
1456	2328
2080	2478
226	1175
569	1057
374	481
320	885
387	390
744	969
795	1134
452	1305
274	1119
136	322
19	2113
131	133
1955	2295
34	55
687	1093
145	875
1222	2213
466	1063
1004	1014
433	636
806	1184
192	334
334	863
651	868
333	768
1025	1072
1858	2100
1195	1894
828	833
246	535
429	1126
1850	2510
514	1382
1670	1699
167	1816
1739	1930
116	222
867	2595
574	1160
40	43
1017	1301
106	1313
1069	2379
267	1403
1052	1240
273	1167
1869	2615
78	1469
519	744
193	1196
420	941
202	1978
1217	1221
818	819
402	728
1020	1022
479	1385
1792	1887
152	1093
147	1606
1444	2591
363	429
955	1298
253	257
382	434
1307	1308
280	590
1205	1293
190	273
239	892
70	122
2272	2467
8	1331
1043	1047
1499	1701
635	1003
190	450
1153	1154
454	1100
142	407
210	211
401	1714
1530	2288
826	1824
1884	1889
198	2647
493	1036
980	2314
596	758
1194	1270
251	253
333	852
363	493
884	1052
395	633
109	1241
1293	1319
1904	2044
510	511
1232	1857
82	1098
19	1178
258	262
2316	2646
18	701
622	2605
455	1460
734	1883
103	1042
179	2255
199	1330
1192	1193
249	650
118	1775
495	1106
565	1048
1935	2625
878	2451
519	1035
373	377
208	727
831	2260
911	913
1366	2516
600	965
89	236
148	1059
343	853
360	404
152	664
424	628
2195	2227
440	1055
253	409
1443	2376
24	1271
1111	2419
2358	2414
875	877
1137	1139
78	2203
132	409
365	1293
69	1055
1813	2475
465	857
102	107
288	433
1874	2462
847	883
1273	2599
278	667
624	711
106	626
1604	2353
519	846
242	482
107	633
1691	1718
114	219
155	411
1026	1074
39	1236
372	1277
206	1345
238	1155
691	952
440	652
193	1052
71	259
125	397
1016	1019
12	534
450	471
1053	1173
226	365
1383	1598
842	1323
180	1270
911	912
1045	1046
73	437
281	505
1284	1285
853	1067
89	91
19	55
415	713
330	331
1405	1872
1342	2144
1282	2145
420	867
1001	1293
1167	1168
196	633
1772	2460
342	482
62	1845
728	772
163	328
193	194
763	890
944	1412
2401	2433
791	910
694	772
695	892
143	951
795	2587
668	846
624	1114
90	1711
136	365
174	176
211	2117
37	1161
281	1150
708	709
255	653
2625	2656
125	1205
1165	1174
23	1153
386	963
699	701
1276	2599
116	1056
434	622
585	744
1168	1174
116	321
69	1666
1373	2338
489	1527
196	373
1882	2604
1141	1369
1136	1143
1840	2201
163	1197
826	827
498	772
637	643
791	1327
186	858
891	1156
1299	1930
1194	2209
422	1195
2205	2240
2073	2408
35	1045
819	1335
665	669
86	234
1629	1828
219	225
387	792
322	838
1061	1062
386	2596
1157	2192
2342	2548
1948	2583
273	603
20	1268
198	2475
76	1026
467	897
742	965
1135	1309
632	1287
102	1059
439	1059
10	870
644	1053
953	1203
727	1528
174	1346
1663	2565
1216	1478
125	261
1568	2644
677	945
710	1291
586	746
163	651
1037	1486
1198	1636
224	1180
698	1181
564	2433
281	883
258	751
281	429
1096	1161
639	1461
493	1149
1087	1871
56	1203
621	754
569	620
843	1140
316	319
721	986
1665	2392
465	551
712	1846
198	375
855	1716
1293	1490
439	1052
328	550
455	534
1061	1329
190	471
564	1074
664	817
492	1141
449	1185
1059	1062
150	375
1511	1548
644	2647
200	853
743	1000
127	777
55	439
226	1205
402	950
936	1287
16	1067
2037	2414
60	1601
953	1053
1003	1083
376	385
869	2131
1333	2416
1926	2279
617	824
118	885
955	1149
1695	1752
349	395
501	2022
624	1328
289	2054
1695	2408
428	785
288	1105
1162	1186
1629	2652
236	598
1373	1605
1651	1680
1122	1890
1107	2286
1165	1291
119	1167
1815	2066
498	663
657	1121
179	724
548	621
646	958
101	1135
1137	1143
425	1162
724	1677
124	1448
2351	2557
582	1309
1073	1082
346	964
780	1779
1289	1290
323	1178
382	941
1174	1177
147	1956
217	952
218	226
1394	2435
198	200
1241	1264
1103	1146
106	133
214	417
552	584
450	1042
222	1060
1562	2161
410	1290
322	397
906	1898
1292	1293
39	847
667	2314
760	1125
731	733
116	843
1284	2433
623	1309
150	520
1674	2406
226	586
424	1045
997	2080
198	818
1521	2573
968	971
1311	1314
1714	2282
908	1962
655	1316
492	1172
864	988
16	343
425	1175
365	1109
589	592
663	906
670	2238
103	119
2169	2527
754	802
1070	1073
2	6
193	986
1562	2660
499	1335
534	791
655	1202
1304	1330
1776	1807
795	1493
2054	2080
234	235
474	822
1054	1654
742	2444
1052	1185
1469	2203
970	987
1262	1633
525	838
194	2475
233	1085
1704	2082
451	2151
843	1060
200	452
584	1210
166	504
169	664
1956	2625
441	1292
1618	2084
219	228
841	1538
722	2217
347	971
363	1318
523	1195
1519	2619
119	404
921	2647
610	620
654	1140
116	1118
1430	1765
1361	2141
594	922
220	223
321	851
617	1023
1064	1250
691	986
961	962
569	604
1488	2643
1127	1506
401	495
2137	2547
1887	2476
409	1043
968	1045
687	2011
2020	2364
101	327
1534	2224
651	920
1143	1162
1166	1176
185	440
685	882
1674	1942
68	640
291	518
497	2158
644	987
1351	2246
187	1506
459	729
819	1067
242	948