1043	1055
1120	1186
823	1093
714	1629
1555	2417
1046	1585
342	1031
108	223
707	870
625	652
667	2370
59	1007
425	1175
167	988
153	2364
1495	2641
853	1048
81	2394
651	1114
394	652
1955	2459
455	948
130	393
246	715
1379	1897
416	1264
1046	1049
440	2034
474	1592
609	2462
24	1271
1132	1465
1062	1065
121	1170
866	1147
1212	1543
1280	1283
12	161
107	764
105	1081
307	308
342	1190
1016	2010
297	489
1060	1501
248	1182
575	685
848	1593
680	931
1316	1318
238	319
633	851
218	666
118	650
978	1184
640	1058
568	844
421	473
380	381
35	1210
586	852
884	1166
815	2199
196	203
102	250
630	1319
73	605
635	2556
1022	1150
634	921
1059	1060
252	261
372	1052
1070	1071
921	1053
1281	1933
195	199
1225	1325
1271	1883
887	1170
348	1040
525	1175
1228	1230
1698	2202
346	591
1656	2391
2003	2542
92	98
1048	1250
583	1104
519	522
740	1125
1090	2188
1167	1328
219	652
123	1201
1129	1237
226	425
363	955
827	830
19	880
179	1099
416	953
142	173
375	953
1082	1522
271	418
216	885
947	1082
1145	1318
332	1289
1137	1140
1114	1311
1032	1255
371	1202
1118	1140
104	1288
373	633
372	415
197	604
434	913
797	1891
21	315
509	510
1291	1309
649	685
1144	1176
425	2132
221	653
348	1487
219	224
500	1650
448	453
584	1201
122	331
298	519
896	1086
1121	1144
238	1155
654	1118
236	699
961	963
496	1642
2489	2529
853	1014
845	1000
674	1093
1695	2248
1003	1067
392	1067
198	520
1155	2414
191	1117
242	1265
40	1527
1253	2104
801	1075
796	1154
309	2624
1989	2106
1263	1287
809	1323
249	1309
72	334
838	1186
1329	2049
751	1062
1137	1198
1280	1281
9	385
966	971
256	1171
332	441
572	1144
24	1154
116	349
1067	1250
320	1291
207	1112
144	535
969	1119
1030	1224
1615	2281
195	253
1290	2132
262	858
226	838
2599	2618
603	1042
294	296
1379	2077
873	945
978	1925
563	925
1063	1064
1156	1968
227	839
68	1064
953	1453
118	124
370	1966
936	2397
1364	2320
255	1513
1312	1316
1125	1194
1197	1202
585	1085
120	123
424	1289
134	1139
861	1043
1251	1252
1151	1152
107	654
130	327
1347	1799
1112	1295
2025	2357
223	969
350	416
652	657
150	1047
34	880
1053	1203
509	1230
271	515
1401	2413
221	626
19	1196
169	1237
1703	1720
1688	1728
1658	2150
650	710
698	1099
818	1173
1036	1236
811	2642
232	1250
260	745
500	956
0	1339
609	1056
508	1553
1967	1991
802	1107
509	511
552	1056
505	1145
964	1154
465	466
961	2403
1112	1265
329	1115
463	1105
277	637
1990	2611
463	674
59	1104
146	876
1482	2350
553	1141
946	2045
1003	1305
1350	2491
290	292
198	324
1525	2108
349	1289
981	2304
1248	1257
552	1315
927	2235
1824	2446
828	1704
255	1313
484	1919
957	2200
1738	2028
1072	1591
197	442
396	1585
708	709
361	362
471	711
635	661
252	1054
1043	1049
190	1136
1206	2298
601	2272
942	943
233	364
118	623
779	826
458	906
389	590
111	1143
1996	2112
375	469
2257	2532
257	258
336	1381
123	125
972	973
187	2146
332	1045
108	569
936	1059
1080	1081
482	791
479	2467
1051	1431
1045	1060
162	200
410	1120
714	1203
49	1403
570	1150
349	2356
786	2317
656	1290
817	1093
372	376
1062	1173
397	612
583	1084
72	467
471	1197
344	1075
325	1066
414	1486
233	274
1721	2339
455	1112
663	695
105	1592
395	667
162	1003
126	227
704	915
1206	1207
234	588
746	1319
1064	1305
1247	1375
1430	1904
971	1293
1410	2277
118	448
298	660
152	474
194	204
115	1117
108	1585
279	619
273	868
1229	2073
417	802
285	1881
192	810
655	1202
1031	1190
1115	1120
125	1205
1185	1186
765	1810
329	571
1168	1177
505	847
222	1292
350	1180
287	808
636	2039
219	2106
362	442
25	391
737	741
1365	2350
88	89
771	1261
1047	1062
118	766
899	1024
697	1123
382	694
36	38
478	2065
235	1152
276	868
1550	2557
1115	1121
1354	1396
17	645
278	1210
1056	1060
1919	2421
222	584
817	823
273	651
526	1876
1031	1261
1042	1167
2082	2643
94	96
1153	1154
104	625
24	25
132	1923
1201	1292
567	1224
348	1240
1100	1281
24	2637
470	913
482	567
298	610
55	1760
207	482
2267	2614
533	651
1916	2196
321	584
519	660
1256	1623
1033	1036
194	568
1739	2213
777	864
338	2642
730	1883
925	1301
844	847
475	476
745	747
2256	2601
586	1109
698	2503
1560	2566
691	884
568	569
2435	2493
1166	1185
440	2017
1289	1501
16	611
593	1764
1540	2404
1653	1767
1787	2518
237	796
583	584
466	854
216	650
71	117
9	1300
1168	1174
820	1157
699	1125
458	476
862	1126
1153	1270
196	633
880	1059
882	1257
1766	2391
73	686
417	842
567	1163
565	1064
1775	2275
418	595
250	255
2328	2368
136	1049
239	2105
1042	1114
1014	1211
9	158
379	380
1059	1287
289	1909
69	394
758	761
1393	1764
364	396
651	1311
452	1083
721	1240
106	887
32	452
784	2361
1117	1314
952	1185
567	1265
2033	2561
553	2216
449	723
26	1036
566	1775
889	1162
114	117
2242	2581
846	1316
448	1291
1570	2559
1154	1282
1500	2088
625	1055
1848	2577
946	1900
1386	2373
903	1868
525	1001
1852	2347
386	1100
1153	2026
227	1320
2069	2629
650	766
557	1700
1492	1742
396	1061
865	2237
1269	1270
608	1054
869	1119
299	1591
653	657
1234	1975
127	152
398	399
1816	2376
1586	1751
167	659
798	799
192	1721
404	1136
330	332
623	2546
738	1269
885	1309
665	848
136	261
1734	2276
1040	1046
778	779
162	888
1001	2070
1713	1855
36	37
767	923
135	667
350	644
1132	2114
121	626
439	816
270	748
148	2635
194	1042
217	439
872	1114
1309	1321
963	1194
360	920
51	1403
1522	2322
426	1256
194	624
1734	1792
249	393
1964	2586
200	385
161	567
1919	1992
719	1863
566	2586
2054	2084
568	1197
330	1448
771	1224
194	197
12	271
710	1291
738	742
463	664
390	964
82	178
618	900
791	2623
374	1119
879	1146
1177	1782
1023	1024
1085	1202
975	2200
1639	2368
656	1293
2119	2248
1154	1425
1448	2658
939	1254
959	1631
154	1366
375	1047
299	1253
232	1300
252	1274
902	1835
449	952
635	640
741	761
124	1142
373	1045
25	592
175	312
1561	1801
614	1054
549	1570
1660	2146
200	661
418	1876
1789	2295
409	1288
929	2361
613	1721
534	595
259	261
1362	1787
1802	2479
2210	2541
2420	2444
375	818
149	729
807	2017
887	1116
120	857
396	397
374	1141
394	465
670	1015
166	765
1514	2035
127	1093
846	1811
252	568
24	494
356	1352
194	199
179	576
34	36
570	854
206	1961
1357	2508
1162	1949
69	571
1753	2307
383	470
2413	2602
248	1256
116	968
1021	1900
396	481
1292	1501
608	651
1011	1673
1167	1171
1171	1210
1075	1076
938	1252
494	730
2094	2583
450	711
2037	2565
1515	2655
576	645
647	1032
286	1453
746	1120
376	1305
1063	1065
102	1059
1179	1257
614	1136
161	791
632	750
1953	2139
350	634
159	549
331	1209
478	2467
217	285
89	91
2203	2536
1075	1270
116	117
1018	2010
889	1319
545	546
101	327
1193	1194
968	1501
39	363
33	828
857	1288
2003	2269
971	1001
35	628
1111	1782
534	1261
107	609
161	1112
199	619
150	416
109	2208
1769	2662
494	591
376	452
26	429
2030	2150
350	469
1384	1846
1313	1316
416	751
1427	1445
606	617
677	945
688	690
693	2654
319	391
1925	2541
68	888
1604	1736
254	2256
437	1764
397	1186
504	2630
426	427
179	645
138	1023
857	1637
613	859
1028	1730
1310	1311
46	48
651	868
256	332
1140	1315
1014	1058
352	2600
1137	1143
565	661
418	419
119	360
209	210
668	1061
1393	1429
1163	1224
1554	2415
611	1250
1605	1855
711	1311
363	570
385	640
1340	2481
1268	1279
220	226
1735	1755
1190	1876
290	291
2602	2661
37	1607
256	263
123	654
677	873
113	2208
161	1396
548	621
621	842
554	1097
1070	1078
667	980
1526	2006
1851	2132
105	277
111	113
1179	1180
857	1198
198	714
220	224
119	131
450	868
199	1107
515	2650
1078	1449
1158	2539
869	1141
2205	2263
35	609
1638	2179
130	710
622	663
845	967
551	1351
1415	2552
2075	2360
694	867
270	1509
1046	1850
1692	2588
713	1576
465	861
1190	1224
327	331
1214	1256
1201	1202
279	1323
1852	2610
450	533
33	2395
183	184
102	1052
1149	1318
771	1711
882	2159
846	1061
1006	1008
1599	2132
1838	1999
116	1292
34	285
16	554
68	853
1309	1317
1384	2350
480	1033
1499	2305
131	1923
611	613
3	4
922	926
711	1274
67	108
748	2479
234	235
495	2247
209	497
652	1312
639	1066
858	1206
199	1304
2096	2497
69	551
2020	2634
1953	2505
34	148
110	1204
68	343
360	568
443	1203
397	410
859	897
1319	1949
986	1166
1000	1015
1064	1067
938	1973
284	992
463	1093
472	622
1645	2525
276	533
576	578
828	829
1281	1282
619	802
278	373
545	894
220	223
1426	1575
691	1287
567	2220
217	1059
515	1190
199	842
1457	2322
724	1066
1191	1194
1178	1263
158	1003
472	1930
1711	1852
732	1128
1187	1190
239	892
1589	1745
101	216
9	1305
1749	1928
207	514
1046	1249
19	439
197	585
136	1109
703	836
410	630
839	1721
169	664
467	858
107	968
586	971
104	551
768	1293
483	563
389	673
433	659
854	955
1227	2073
372	516
1047	1048
857	1043
923	967
929	930
1070	1076
492	585
1582	2281
665	1041
332	1448
102	1040
118	393
4	1368
166	712
276	872
115	122
249	582
116	1501
1801	2310
329	332
505	883
363	429
1446	2139
269	1363
271	1163
308	1805
1812	2087
94	97
398	913
226	1293
1467	2617
267	2558
105	643
986	1263
852	1477
744	1057
373	1060
2390	2562
1963	2410
121	123
634	953
1623	1874
286	443
1693	2089
454	590
2154	2303
76	1074
410	525
636	1905
2041	2054
109	1453
208	1107
116	424
1297	2575
34	1739
271	1759
1003	1300
482	860
596	1506
1042	1197
116	395
315	738
1531	2188
56	198
324	644
588	1279
1198	1204
2047	2596
84	337
1181	1242
628	2462
1612	2338
38	158
1131	1132
1897	2177
23	280
262	859
1612	2618
131	137
397	1120
1614	1745
1128	2136
319	1283
785	2272
197	374
342	948
23	1194
299	1069
391	742
721	966
341	922
95	1907
216	1291
1200	1201
123	764
585	1035
315	1280
364	660
853	1305
258	1173
699	700
567	1876
397	1175
1534	1663
424	1292
743	744
183	688
425	1186
611	1048
449	1277
463	822
391	1283
266	1373
1303	1592
1109	1205
32	635
1139	2382
69	219
679	1677
210	950
1116	1117
1227	2353
37	799
2283	2552
860	2270
76	1026
238	1283
1607	1739
362	2413
229	847
614	1114
275	1126
1063	1149
16	1275
561	565
198	258
463	823
869	1585
1839	2004
459	817
695	941
40	43
1058	1275
514	1112
622	695
391	2171
469	970
575	1343
565	1300
763	890
1327	1977
444	1083
1348	2489
604	1202
462	1068
608	868
19	323
609	1503
162	1250
690	1704
390	2447
632	966
452	1003
674	1237
651	656
1001	2132
1047	1180
234	237
1046	2049
714	921
102	936
465	1137
81	2049
549	1420
1264	1453
166	802
656	1001
1165	1173
338	2241
2054	2571
1363	1624
293	1248
629	745
217	227
893	1357
220	222
70	979
330	653
195	204
295	1935
1744	2421
1052	1287
870	2361
1185	1240
115	191
1153	1604
271	1030
467	2349
239	398
114	1168
966	968
1931	2435
587	1080
802	2653
194	651
192	858
452	554
23	180
136	1175
632	1052
126	467
525	852
67	362
111	365
1423	2640
132	135
706	1380
939	940
918	2577
129	466
206	1486
2185	2456
556	947
197	2049
661	1097
48	2000
336	1099
364	969
519	668
69	132
328	450
795	1281
652	2034
621	727
1043	1047
21	1794
347	838
2036	2368
261	263
362	2049
2146	2538
610	611
178	2181
1157	1726
116	222
195	203
180	1075
586	746
532	973
514	2173
1045	1049
148	439
195	409
89	1281
711	1328
868	1054
825	830
72	897
372	1287
2283	2623
723	1287
2565	2587
1170	1171
1212	1716
704	705
197	569
587	823
1352	2050
174	2494
21	1269
1151	2026
428	1243
636	1093
373	843
1116	1170
106	653
2224	2416
1054	1328
444	640
166	1330
247	1752
674	687
1168	1172
56	1511
83	2049
851	1289
1284	2317
1466	1911
608	1136
241	2588
1004	2627
564	565
1055	1137
955	956
189	727
302	926
224	520
901	2183
142	370
582	2583
1342	2336
1230	1231
636	639
627	1044
261	1049
23	1075
323	1059
723	1185
949	1620
194	273
944	1945
751	937
749	860
815	2042
1081	1169
630	1109
1170	1313
444	661
999	1157
142	1020
252	1167
858	1144
439	713
197	1329
195	807
208	809
548	712
32	888
254	1199
388	2171
105	945
2290	2359
25	965
137	186
639	1905
1151	1604
1577	2003
392	452
185	1115
963	965
224	225
24	796
781	883
795	1891
1736	1856
417	809
152	817
586	656
560	562
434	892
437	593
225	1204
417	1330
1266	1680
448	523
34	723
19	966
209	1032
1486	2636
843	2462
71	110
694	892
1402	2381
741	964
927	2536
285	1263
152	687
582	766
1797	1924
757	1036
329	861
444	1067
442	1035
72	1176
791	1224
1694	2200
125	1175
363	1063
1516	1928
1558	2074
107	1289
315	1152
348	750
618	779
1763	2097
1130	1132
492	604
1313	1314
1337	1609
453	656
123	633
749	1876
328	1448
1336	1662
906	1698
332	1201
56	634
1315	1319
1728	2552
1486	2207
1033	1035
862	955
336	339
216	1309
792	794
1919	2261
131	190
504	1107
38	392
1001	1175
90	346
158	1305
323	986
1744	2250
921	1180
947	1393
691	1185
823	829
38	200
209	283
119	651
582	1291
875	1737
698	1066
254	637
457	1699
257	969
738	740
250	415
129	1126
324	1062
458	2151
347	889
729	1105
468	880
130	131
217	816
111	136
649	2466
112	137
1101	1102
2399	2573
651	711
1162	2377
344	1194
1135	1142
1248	2512
1767	1944
25	1283
1001	1162
2033	2506
198	202
614	1167
1662	1776
493	1700
843	851
1098	1192
781	862
276	608
1004	1067
1277	1287
87	1269
633	2016
134	135
634	751
554	1250
12	910
993	994
420	705
606	731
552	1289
290	561
70	1314
1054	2436
404	550
516	1277
868	920
2376	2430
73	1146
1853	2411
811	2199
1110	1112
1244	1738
1162	1293
782	783
239	950
389	1147
343	853
415	468
322	1319
453	852
250	1052
1469	2618
202	205
362	660
278	1747
245	2035
585	1057
1312	2017
1112	1190
777	2121
503	2634
936	1178
1895	1913
1918	2390
371	569
861	1055
192	1926
114	132
183	2314
707	784
1048	1064
836	1255
1863	2618
2371	2492
734	2593
242	567
753	754
1853	2022
1654	2649
100	822
1153	2475
687	1865
816	1185
420	906
72	1121
237	390
943	2290
101	249
857	861
1188	1190
152	988
161	418
392	554
1680	2292
374	2049
465	1351
628	1292
105	113
410	1001
287	637
347	410
131	194
983	2607
567	910
655	1061
382	622
869	969
1124	1193
444	888
274	668
1139	1209
131	1311
1210	1292
1926	2476
241	305
809	1107
249	1135
1526	2186
1169	1174
34	1196
2128	2529
1045	1056
808	1443
1986	2228
2388	2403
1996	2266
803	1418
1385	2243
28	29
258	1180
233	620
35	1060
125	1162
56	224
288	1105
224	2106
1059	1178
653	1116
190	1274
1419	1439
825	1017
200	205
296	488
730	2423
840	1912
1186	1949
453	971
2062	2559
1057	2436
193	200
362	604
401	495
1058	2286
923	927
1152	1425
291	562
158	162
441	980
571	1707
1692	1967
19	952
793	1152
121	653
353	544
2052	2546
498	1980
383	772
713	952
737	1929
619	727
227	1121
466	467
767	967
100	2624
213	2083
281	883
253	551
2443	2594
373	1118
250	439
469	1047
609	764
325	1242
59	2548
1621	2324
207	1190
416	818
235	2636
9	1064
762	1479
606	778
587	864
471	1114
442	1316
274	1057
691	750
193	1166
546	717
332	843
609	968
1198	1351
671	672
38	232
199	205
703	1255
1054	1058
1295	2195
256	349
1017	1019
1020	1021
1224	1265
2414	2475
195	394
344	389
198	224
614	1197
1196	1277
1008	1070
633	1140
107	667
1122	1124
231	2320
226	656
967	1546
1249	1316
314	318
234	960
408	1318
852	1175
1125	1147
1244	1245
26	1022
363	1036
1141	1144
584	2243
274	1119
261	1186
119	125
1454	1572
1031	1295
62	1247
569	655
851	1140
458	470
262	1144
670	2565
337	590
305	616
1195	1196
1794	2637
1604	2475
123	843
219	1168
454	598
991	993
912	1947
704	1962
131	603
1420	2073
1203	1264
598	600
382	398
227	858
1121	1206
263	1177
450	452
883	1145
279	504
224	970
326	1255
32	819
523	582
1856	2475
613	858
737	738
636	674
858	863
1119	1249
661	1211
422	523
1505	2310
880	966
185	440
35	1201
288	674
287	1169
32	200
749	2214
150	953
21	597
785	2223
372	632
537	2307
1191	1193
451	481
611	853
274	569
1149	1298
528	530
1469	2338
952	1287
1279	1411
593	896
407	1020
310	1229
162	1097
860	1190
126	657
275	955
315	1269
947	1914
2060	2337
194	198
624	630
1043	1045
119	252
1009	1072
725	726
1248	1948
32	162
104	110
1753	2220
657	1721
4	5
12	2087
280	317
598	2495
953	1241
946	1764
1383	2595
286	1278
349	628
11	785
230	2320
588	589
697	1098
525	612
761	1789
655	1119
1056	1210
607	804
634	1053
890	2453
465	625
274	553
2308	2582
300	341
753	967
1274	1275
222	1989
74	1029
163	624
633	1292
416	443
233	668
100	587
288	587
1457	1522
121	255
1647	2527
200	444
93	1907
285	721
192	897
236	963
614	868
467	897
728	892
711	1114
970	1241
407	559
1096	1097
1927	2334
9	1097
39	1298
1750	2450
1009	1010
630	746
765	1965
2202	2606
321	395
253	257
135	980
1192	2445
408	781
342	1876
1142	1317
545	1464
374	969
150	1062
1698	2166
447	1564
984	985
471	1136
475	1725
614	2406
97	98
1117	1119
442	610
382	941
560	1080
443	921
257	604
550	872
2325	2647
276	1328
1325	2217
137	863
22	23
1364	1626
1140	1144
1322	1360
846	969
116	373
2192	2343
1498	2087
1493	1972
777	1080
249	250
42	1527
1100	1194
1228	1229
1042	1850
83	1124
1491	1991
223	655
348	952
101	1135
301	518
609	1140
634	2556
609	1118
375	722
351	2031
195	440
373	424
2087	2224
131	1274
395	1118
39	1036
452	635
2282	2346
392	1211
393	448
94	99
1384	1858
12	749
343	888
250	256
915	919
659	934
715	716
649	1248
1041	1049
333	1205
1059	1065
358	1764
872	1628
298	1119
36	1323
765	809
910	1265
67	197
504	619
279	1636
1144	1206
978	2210
1095	1096
1274	2138
1312	1321
119	194
318	761
504	765
69	2017
71	72
333	1290
551	652
258	263
439	1040
343	611
323	816
12	595
976	1325
127	288
505	1022
365	768
699	1270
261	746
466	781
888	1211
445	2262
111	525
611	635
2017	2628
1834	2556
166	369
12	1295
1141	1143
32	392
2219	2235
54	1749
982	1959
553	668
1199	1207
86	1268
591	741
122	627
631	897
374	1035
436	1597
632	1240
56	714
1430	2417
372	1040
1838	2114
651	652
1240	2236
836	911
70	1209
839	1817
406	2205
797	1272
374	744
261	852
999	1020
282	1306
1381	1884
847	1811
352	975
633	667
387	596
665	668
1350	1871
317	866
554	1275
305	1556
36	765
2313	2328
1100	1270
1174	1317
443	1180
21	2637
141	2497
633	1045
816	1196
1186	1205
948	1112
1153	1194
0	1458
349	654
1136	1274
451	553
372	439
135	1292
567	1031
78	352
114	551
223	226
1213	2438
101	130
828	1276
423	946
207	567
1522	2661
1165	1195
533	711
763	2453
32	1067
1083	1211
269	1509
1083	1275
554	1211
389	801
609	1210
516	1263
1036	1126
804	805
375	634
1183	1896
648	1181
1935	2443
342	595
285	1052
2517	2552
252	608
55	323
348	1166
962	1779
851	1056
434	2399
286	350
949	2427
816	1178
1163	1876
278	851
854	1236
249	320
2038	2509
217	1240
1224	1327
1951	2569
853	1300
108	364
988	1237
93	98
930	2396
152	1093
1327	2253
1599	1851
128	2251
478	1725
816	818
807	2034
186	810
370	1104
805	1069
634	1453
232	1048
1045	2128
564	2609
1299	2129
953	1173
993	1012
165	355
921	1173
1165	1175
2101	2651
126	863
402	458
392	888
166	214
856	947
659	1105
386	801
1273	1274
194	276
323	880
105	254
576	639
3	2349
298	1057
2632	2648
1149	1390
572	1121
108	655
1999	2459
807	810
625	631
248	1214
1353	2493
792	795
1318	1319
1536	2245
565	888
868	1197
444	1275
327	328
442	492
888	1004
1136	1137
664	822
1386	2356
390	730
198	443
640	1064
664	934
501	502
587	817
840	1472
197	1085
870	929
12	242
828	938
633	1201
222	225
842	1323
1205	1206
1403	2000
408	1236
724	1099
262	1513
851	1045
749	1031
655	1057
681	1933
764	1289
1236	1298
671	1575
1142	1143
201	204
681	1699
1704	2255
1120	2132
114	120
1196	2573
969	1046
576	698
56	1264
1497	2460
763	1179
635	1004
1185	1277
102	1178
571	1459
569	1172
323	1185
314	588
414	1961
91	238
799	947
1772	2052
392	1014
236	238
1936	2185
1925	2431
2100	2597
505	862
200	452
583	1007
310	1805
959	1255
1745	2485
114	1312
734	875
1688	2517
857	1351
474	674
215	1096
1236	2477
590	801
653	1313
67	396
497	703
329	1288
471	920
786	1515
568	614
158	1048
837	2335
294	484
541	1394
728	867
1709	2449
757	1612
879	1103
205	2450
167	1093
180	337
477	487
963	964
611	1003
290	752
1003	1097
1196	1202
69	465
420	694
595	1295
851	852
1665	2269
125	768
1896	2343
123	609
1567	1935
269	1106
109	469
1462	1935
734	1548
257	261
673	2565
517	967
761	1883
561	895
443	1979
140	180
612	1356
729	730
1088	2309
509	512
824	826
148	1178
269	304
1025	1027
310	311
117	1834
2112	2266
586	1186
1809	1935
464	1790
1211	1543
980	2210
1167	1177
1229	1792
149	150
916	2577
258	1203
357	2259
860	1876
585	655
482	1261
149	687
350	722
364	1172
190	450
388	391
317	590
628	1171
116	851
105	1303
71	1204
278	764
560	565
475	477
2045	2191
791	1295
137	262
453	1143
16	819
1447	2142
2002	2336
872	1167
332	1140
255	263
177	1238
1814	2301
604	1061
517	524
620	969
968	2462
626	887
334	1121
270	1259
995	998
586	838
104	2208
26	781
120	1137
224	751
829	903
592	600
60	76
551	554
250	348
801	1125
250	1185
1166	1196
141	1510
1902	2405
369	1107
244	1156
101	102
836	2202
887	1649
1865	2355
106	113
234	238
632	816
326	871
1415	2283
104	329
162	343
1936	2224
383	728
632	1287
392	1275
158	200
2075	2610
1040	1287
195	1351
1451	2446
533	614
910	1295
90	318
194	614
844	1274
57	1548
1807	2375
673	1426
226	1001
492	493
285	1240
425	1949
1003	1048
423	1900
177	2411
645	1242
89	386
37	947
1894	2510
2412	2535
1938	1984
667	669
209	1255
1213	2164
190	1167
173	1007
9	661
635	1048
790	1592
561	1633
644	722
1945	2652
964	2058
2084	2593
810	859
186	863
928	1496
2027	2293
217	1052
116	1171
2031	2366
242	1163
222	373
361	1248
787	804
451	585
869	2049
454	1194
224	1278
637	808
273	614
741	1903
70	71
648	724
635	1064
130	1113
389	1194
2192	2466
440	1137
488	490
402	772
24	1883
119	550
1880	2231
1791	2146
89	164
229	1145
394	1198
921	1062
1052	1240
222	552
1575	2565
123	1210
250	816
223	1057
509	513
2061	2340
390	1271
618	732
1269	1272
1417	1866
646	835
391	592
925	2235
1512	2654
601	1243
1059	1063
350	2356
953	1047
69	409
2296	2570
136	410
584	1210
45	1432
982	2529
1792	2073
1004	1014
103	276
401	1110
1950	2434
397	1293
375	1264
952	1178
1965	2032
149	664
623	1309
49	2616
749	1666
1491	2075
471	568
23	25
1126	2513
1405	2609
109	286
1605	2082
961	1152
584	1501
348	1052
420	780
636	934
214	765
609	843
842	1304
189	1330
433	459
1249	1329
630	2132
412	2560
704	706
343	1305
278	1140
1322	1422
174	2551
1464	1587
855	946
1864	2409
2097	2383
328	1114
619	842
410	768
108	257
1812	1936
920	1328
67	364
123	1056
149	1093
589	592
250	260
1681	2236
978	2541
494	1154
497	1255
105	112
449	1287
48	2616
8	1331
1037	2289
125	889
1443	2640
433	1093
760	795
21	759
285	691
673	740
571	2017
322	1109
449	880
1952	2457
986	1040
1080	2661
155	157
624	1328
119	126
519	1316
960	964
105	677
2402	2541
317	1147
795	1075
632	936
434	695
1329	2143
561	752
24	591
837	1777
2032	2300
497	911
1006	1187
1142	1174
323	415
238	1486
885	1165
321	633
329	333
841	2190
586	1120
451	620
1442	1753
227	467
127	463
536	975
319	1924
105	110
508	1229
980	1292
55	1040
1356	1503
911	1255
324	1241
197	451
260	261
1319	1320
166	1107
659	822
617	898
562	565
173	370
250	262
1501	2372
1231	2073
1151	1736
1130	1838
346	741
712	1107
307	310
237	741
236	386
552	1210
163	920
971	1949
1994	2264
672	1193
523	1291
630	1162
820	2533
261	1175
1311	1316
322	1205
634	1264
731	2432
196	1289
643	1199
1061	1316
371	481
1247	2512
514	1190
347	971
757	1720
167	1768
644	751
1612	1863
1058	1305
198	1453
714	751
1619	2274
223	1202
897	1206
84	1194
1408	2120
948	1031
511	512
826	832
1135	1309
444	853
883	1298
210	663
453	889
1574	1820
222	1315
505	854
322	333
1026	1074
127	664
546	1464
553	1329
198	1241
737	1268
62	1884
571	2034
362	2141
664	988
1097	1305
647	836
555	1099
1009	1011
888	1083
158	1211
450	608
987	1173
958	959
422	766
1218	1222
1378	2514
851	1477
382	892
169	934
158	2490
588	792
1067	1097
1274	1424
422	885
363	1318
329	409
124	1174
1475	2639
336	2642
727	765
423	1425
302	313
423	425
336	1066
1563	2534
123	441
32	1305
1436	2300
1850	2529
285	750
190	218
108	110
163	1114
2156	2194
2241	2642
34	1059
568	868
283	326
956	2315
516	521
226	1205
621	1323
1273	2138
73	358
15	1983
274	442
1318	1320
121	887
1632	2182
404	1054
1993	2489
1530	1922
232	1058
980	2541
817	2619
236	673
1138	1142
383	663
556	1096
1383	1638
105	2256
1995	2265
383	434
746	852
199	548
1936	2628
961	2058
768	1319
161	271
404	872
494	964
375	970
73	896
1140	1289
1890	2170
159	2527
1173	1175
758	1151
2260	2278
317	1924
2026	2414
453	1120
140	1510
1002	1829
19	102
35	1118
843	1060
622	772
826	831
285	1277
27	31
1123	1849
160	2531
459	934
102	217
189	2441
219	409
479	1725
1149	2252
516	723
633	1315
1520	2102
542	2404
116	764
628	667
697	700
450	651
1506	2211
355	357
1771	2663
192	631
586	1293
1073	1074
2155	2274
86	387
158	452
349	1171
1325	1526
192	1206
864	988
972	1899
1240	1630
852	1120
1604	2026
293	1179
998	2225
169	988
589	961
587	664
765	802
685	1179
2025	2552
1468	2270
368	1762
69	1055
298	1141
221	1989
1182	1256
869	1085
402	622
987	1278
440	441
145	1716
1202	1316
484	491
1258	2521
360	1136
610	668
2210	2527
571	652
1206	1320
84	760
53	717
131	1328
189	802
38	1250
474	560
138	141
1982	2605
516	880
1802	2214
397	768
689	690
258	1453
72	631
56	722
130	249
1699	2596
852	889
476	498
2139	2535
1520	2393
160	1984
746	1186
223	604
2016	2451
210	780
235	1269
46	2616
262	657
39	505
85	752
349	373
481	1329
59	370
628	1210
627	628
361	1257
323	468
328	1167
192	1176
925	1021
324	1053
603	1328
350	1047
258	644
337	386
102	723
520	1264
55	1263
231	2599
21	22
569	604
603	868
131	360
2043	2534
947	1764
136	347
857	2111
89	454
1185	1196
559	565
217	986
433	1237
948	2157
632	634
324	714
270	341
619	754
945	2381
590	592
64	66
26	862
332	373
707	2123
132	1168
552	553
398	1689
434	435
808	809
273	666
910	2649
1001	1049
34	1178
1265	1327
180	699
2045	2381
59	583
556	799
1820	2310
1576	2170
171	662
2143	2416
442	969
493	1145
1383	2518
474	477
108	113
1136	1311
729	817
331	1117
278	584
1151	1153
288	864
283	647
519	846
1697	1974
192	1320
1729	1780
1979	2661
823	1080
362	1061
25	2637
197	969
765	842
1401	1715
349	1487
296	1809
495	1106
1160	1161
1776	2398
249	710
1949	2233
872	1274
852	1186
133	221
274	1035
262	1721
136	1290
1044	1046
148	721
1151	1929
207	418
517	1000
523	885
513	1553
1419	1676
193	205
880	1178
740	742
226	971
1500	2649
288	687
1180	2535
84	1153
164	866
273	533
565	819
216	221
1498	2371
1137	1141
673	2291
219	227
415	1178
133	1923
1683	2299
224	1203
254	790
1025	2092
1790	2349
967	971
1020	1084
152	1237
1200	1204
124	1317
1828	2098
196	332
135	851
124	125
633	2556
26	570
218	226
519	620
1047	1203
869	1329
653	1200
519	1172
9	2005
103	1328
864	1105
70	1117
349	667
1639	2124
661	1003
258	634
236	1100
1361	1679
1310	1318
376	1300
185	2407
2007	2547
322	1290
233	846
1046	1057
610	1085
426	1182
440	1198
1171	1172
277	1199
221	222
127	167
200	202
376	1004
1114	1167
1471	1674
49	1719
550	1328
385	452
465	1168
522	2536
947	2528
941	2290
1351	1936
360	1042
816	986
237	494
11	696
273	1547
878	2071
132	625
453	586
238	1272
1042	1274
491	1847
1339	2334
578	579
1468	1864
1057	1329
313	2586
1060	1171
34	35
136	586
1106	2282
1204	1317
648	698
104	1198
727	842
1273	1275
217	372
2047	2260
1116	1120
35	1140
1197	1199
47	2616
1302	2079
115	1209
807	1137
620	668
322	453
139	2136
716	734
2182	2244
439	1979
559	562
34	721
1199	1303
410	612
791	2552
424	1501
1862	2217
102	108
137	897
498	694
241	1692
379	2632
442	1202
608	611
604	969
136	838
365	971
102	884
819	1083
254	945
290	1633
825	831
421	848
1876	2229
134	979
635	1097
483	1301
250	253
508	512
425	971
1644	2249
750	816
1463	2330
1537	1741
517	753
1806	2512
868	2133
350	1173
559	1020
210	472
1219	1221
269	1110
369	1304
286	921
279	417
552	1501
1054	1055
343	1097
754	765
216	220
364	869
173	2551
644	1203
1117	1118
946	947
1082	1083
552	554
441	584
39	1150
457	681
195	1055
1925	2210
738	1152
1480	2627
711	1197
355	356
1083	1305
337	673
276	1167
217	348
216	623
135	424
1456	2169
242	771
418	1224
2582	2626
1223	1348
450	568
85	290
910	1500
409	857
8	352
514	2511
2303	2646
659	1129
828	2566
55	952
190	651
26	408
268	1373
560	587
236	237
1042	2529
39	757
223	2106
389	391
1155	1856
637	873
187	772
621	765
497	1650
1217	1774
391	1155
1429	2232
87	759
535	1433
469	634
643	644
90	730
89	866
619	1304
477	2065
1358	2625
106	255
1601	2135
1393	2394
80	83
860	1468
1597	2320
68	200
1835	2340
56	1180
943	1488
130	134
2074	2579
481	869
152	1493
210	211
1074	1078
363	781
885	888
569	585
1247	1296
150	520
410	1293
659	1237
2095	2607
1554	2016
635	2016
2064	2563
291	292
222	1501
250	257
1648	2113
635	1083
118	123
117	124
702	1962
227	1176
920	1042
25	1272
1217	1220
723	724
270	2230
373	980
520	751
451	846
225	227
2002	2615
552	764
790	1199
749	1112
714	1047
793	796
233	604
330	626
1067	1305
1757	2041
791	1728
548	727
2346	2626
197	620
808	1199
19	250
891	905
123	424
52	1749
1690	2245
785	1243
1111	2378
327	1448
362	371
368	855
455	526
532	1825
1099	1101
1083	1522
2373	2522
124	1204
1165	1170
617	824
743	745
1411	2278
120	861
262	572
199	369
402	434
1002	2100
1329	1585
637	640
1196	1200
888	1275
372	1277
884	1196
136	1120
808	1169
631	1176
952	2579
127	1237
1917	2405
373	968
163	450
1037	2638
1752	1814
1495	1973
272	274
435	1663
1189	1436
1170	1175
1182	1214
20	22
612	852
121	1116
721	1178
474	664
728	913
317	454
102	105
224	987
296	1935
1484	2206
452	1305
56	987
1749	2647
229	466
421	665
216	218
887	1138
819	1250
384	915
465	1288
1651	2131
455	514
608	1328
713	1059
388	597
226	768
112	839
585	846
1715	2220
425	768
721	816
185	1784
135	609
1147	1270
269	1258
2123	2633
873	1592
714	818
912	915
1286	1765
455	910
2048	2228
749	1030
69	857
1936	2645
223	298
18	339
1052	1263
698	699
715	2290
941	944
2107	2429
337	1125
666	844
968	1292
12	1265
861	1312
872	2502
1158	1560
794	1133
1601	2306
142	407
955	2315
281	466
227	1206
625	628
95	1358
408	1126
526	1163
278	395
1201	2462
252	872
364	655
660	1085
1657	2635
167	169
939	1208
1274	1328
677	808
1062	1278
66	2534
873	1657
1916	2404
80	2609
883	1149
563	825
1014	1064
1478	2282
1106	1107
365	612
314	387
1592	1725
1597	1703
2311	2584
630	1290
420	695
1668	2549
217	884
1458	2662
180	963
67	374
1040	1042
779	900
334	631
1228	2353
1684	2032
2243	2297
1958	2519
890	1948
253	258
290	2257
362	969
1165	1171
481	1141
198	1203
1354	2547
241	1259
366	1299
452	1211
590	1125
218	2106
469	953
1791	2538
703	1032
490	491
921	937
772	780
104	106
135	321
1044	1049
1205	1207
362	846
515	1030
757	1863
285	966
190	1328
746	1109
350	520
1196	1240
1485	2234
321	1056
140	454
949	2157
1007	1010
1839	2037
394	1043
471	666
273	1042
1137	1144
847	955
108	869
169	1129
385	611
234	792
37	1073
1316	1585
791	1415
573	958
1260	1261
433	463
1054	1311
100	674
135	1923
1120	1319
438	2282
1041	1044
343	1606
350	1264
220	254
16	68
1442	2602
952	966
2360	2383
1702	2189
323	1166
1434	2150
572	839
233	969
407	1104
376	640
560	566
278	1118
93	94
204	377
666	2370
571	1312
116	332
257	1316
1350	2506
401	1106
660	1119
163	614
442	604
328	608
135	196
991	2199
117	669
654	1501
1153	1281
1203	1206
286	1203
1514	1557
842	1353
192	859
595	2337
1470	2061
164	1134
190	603
753	1015
633	2462
238	965
116	654
90	1154
81	1072
1283	1411
359	2250
1498	2224
369	712
1414	2551
1195	1291
1948	2568
167	1105
238	600
805	1591
482	1224
167	288
127	864
239	728
854	1022
442	846
1638	1901
645	1066
97	2634
1214	2078
68	1003
1193	2445
255	330
236	1125
889	1649
21	1280
1041	1045
777	1093
846	1035
624	711
383	695
1098	1099
2026	2475
328	1311
899	902
218	252
182	1233
1120	1293
22	316
275	1298
330	1313
1985	2469
32	1211
195	1043
1220	2296
389	1895
568	1114
196	1118
826	2136
86	737
123	126
217	1989
1113	1135
58	1548
148	1263
623	630
451	1316
1815	2164
233	1329
224	953
476	950
36	279
1529	1637
418	1030
143	437
219	1043
116	2180
113	228
586	1175
2416	2456
1653	2048
1056	1140
466	757
2355	2637
1168	1351
161	948
0	1927
329	625
133	255
922	2235
1395	1706
258	416
364	371
324	953
847	854
252	1114
261	1513
1490	1894
449	451
197	492
1767	1918
1576	1890
1363	1509
123	135
1657	1987
310	2549
822	988
283	1536
164	801
454	1075
598	1281
535	894
1983	2187
608	610
610	655
20	1794
385	661
1634	1897
2339	2461
335	338
1178	1287
15	1273
1183	1215
2024	2290
1962	1981
1060	1292
279	1330
331	334
32	640
1743	2217
317	319
180	1194
1177	1321
105	109
2102	2393
888	1649
196	278
605	879
257	519
1991	2610
244	2240
229	275
724	1232
175	301
585	668
1667	2201
597	1506
298	1249
875	1548
78	1331
1	1339
1451	1905
978	980
49	2635
974	1446
543	1540
1165	1167
129	847
1036	1145
262	631
280	699
423	424
1346	1934
520	1278
407	408
132	2034
857	1055
588	1929
953	970
2140	2199
551	625
249	650
367	368
534	2261
275	1318
1442	2413
638	639
1560	2549
215	1161
1048	1211
55	415
1061	2049
323	884
372	1240
585	604
335	1123
190	191
126	1121
422	424
1286	1888
625	1288
1365	1879
656	1175
1574	2530
228	2106
481	620
416	987
392	1083
369	417
252	258
1207	2298
606	1023
333	425
402	420
327	1113
236	317
473	665
1041	2529
374	846
925	1017
466	1145
450	1328
1109	1143
462	2101
224	416
416	520
1013	2508
936	1240
116	1118
883	1063
130	448
89	317
253	465
936	986
1814	2649
659	1432
514	1876
132	134
87	315
825	826
197	199
109	520
668	1046
164	280
1231	2353
1054	1114
474	636
1003	1064
1150	1347
72	1144
342	1261
274	1061
1311	1319
148	151
576	724
844	1311
710	1309
342	1224
808	873
660	1035
298	364
611	1014
365	630
586	889
1054	1136
1243	2272
186	262
321	441
139	1510
261	586
365	1319
888	1014
1081	1522
109	1278
19	449
590	1754
1642	2247
1354	1938
966	986
364	585
1549	2538
588	758
485	1665
375	1278
1079	1591
274	604
549	1677
438	1110
517	520
945	947
242	342
142	1033
2041	2593
827	829
1977	2253
608	613
1175	1949
1805	2426
135	222
1004	1083
394	1055
254	263
320	710
298	1202
101	104
449	966
983	2210
1110	2095
644	953
667	1171
505	757
371	1035
1712	2328
219	222
1012	1294
968	980
714	1180
23	598
144	1164
136	768
217	880
232	2358
198	204
120	121
485	491
2045	2528
120	219
1053	1264
1068	2564
1959	2447
705	1380
22	739
36	712
982	2578
453	1109
317	1134
163	1328
256	395
38	1211
197	1249
21	2355
321	667
1835	2183
32	232
851	2462
127	659
252	255
555	724
1250	2640
21	961
553	1316
194	202
247	2651
269	2282
179	2181
475	479
38	452
20	758
663	892
218	450
696	1243
175	1016
1417	2376
299	805
1626	1946
357	2243
444	635
634	818
176	1074
623	1135
89	337
961	1538
1389	1973
372	449
945	1393
529	2504
1719	2000
753	1452
1618	2491
278	321
142	1007
39	1236
920	2615
629	1562
134	1923
737	739
1507	2210
1166	1170
549	2559
668	1202
207	1876
1846	2350
822	2068
637	2256
480	1104
308	309
689	2482
1042	2128
2450	2574
860	1030
361	763
814	1883
496	1259
252	273
455	1163
373	374
1816	1853
366	1762
272	275
913	1823
482	526
106	330
960	1929
2077	2589
559	1084
187	1660
872	920
110	113
148	285
729	822
662	2327
131	218
1137	1142
190	1926
507	510
453	454
1351	2492
220	643
78	536
1230	1734
1370	1955
655	1141
259	1204
751	818
977	997
1956	2107
937	2054
844	1328
100	1129
1007	1009
130	135
674	729
1070	1077
953	1278
604	1172
1625	1878
102	104
590	963
485	2380
1139	1140
843	1140
219	1989
276	844
286	469
16	343
262	263
892	2326
750	936
142	820
135	395
761	1479
418	1261
825	1021
663	906
109	150
217	468
826	900
1182	1183
823	934
39	781
463	1129
551	1198
396	2049
1986	2048
200	343
1434	2030
1980	2044
349	1045
282	2084
470	1450
476	941
318	319
373	764
750	884
347	630
404	568
187	663
623	627
1792	2353
140	317
187	867
220	2106
633	1501
1381	1414
416	1062
321	322
465	551
177	430
269	438
90	761
548	619
764	968
2028	2497
249	251
143	593
288	463
23	740
1328	1329
653	1138
1436	2399
1346	1671
150	443
1898	2403
1717	2265
863	1721
1040	1049
1463	1993
347	1120
129	570
692	1392
604	660
1045	1118
777	822
150	198
1135	1138
1323	1330
317	1153
1199	1200
1340	2301
106	2208
668	969
243	2147
235	1486
1453	2443
94	973
1130	1258
433	687
167	2660
507	508
640	1250
500	1980
1155	2026
138	778
1049	1109
604	1329
1038	1039
277	790
371	1316
762	965
17	1232
598	1100
442	1057
316	1797
53	1749
610	1249
1117	1121
329	394
837	838
205	2432
142	480
1112	1224
271	1295
1310	1320
194	404
311	1563
35	116
214	417
722	1062
894	2290
19	1277
32	1058
261	768
625	630
891	2417
152	153
109	644
255	1170
652	1288
160	161
325	645
590	1153
439	723
402	913
425	838
1045	2462
208	214
470	1569
1722	2271
162	1211
1131	1465
1221	2129
666	667
55	193
1630	1681
794	796
348	415
115	2382
337	454
1837	2400
394	1115
1275	1276
108	1057
1393	2191
162	1083
1261	1327
1720	2208
592	797
215	799
1626	2104
1216	2485
481	668
647	703
299	1769
1022	1900
1205	1949
1586	2038
66	1561
1517	2391
692	1130
342	1163
816	1263
1866	2376
367	1762
670	753
410	1162
663	2327
626	653
1630	2114
979	2541
1313	1319
504	754
661	1067
976	2006
623	1291
466	1790
600	1155
361	575
373	376
334	1176
582	1385
1359	1506
452	565
256	2046
35	843
232	1275
12	207
1055	1056
324	1180
130	132
423	2140
1958	2496
600	2495
1408	1843
585	2583
587	729
218	868
454	1153
415	2363
404	608
140	760
101	582
900	2183
120	125
385	1305
494	1271
481	604
300	301
173	583
68	1211
1310	1316
39	570
249	254
660	2062
923	2235
2	3
949	2276
1459	1707
189	417
731	898
1253	2599
2337	2617
2325	2448
1803	2312
398	1444
303	419
1072	1074
74	835
253	262
411	1361
103	2208
798	1904
1666	2479
595	910
193	1185
466	1063
286	416
1056	1501
1327	1876
404	1274
273	404
482	1742
820	822
601	602
305	306
624	1274
261	347
94	1235
644	921
560	934
1317	1319
200	1211
475	704
292	566
958	1029
1381	2642
187	941
1306	2054
20	588
396	668
651	1136
630	1293
1075	1077
743	845
139	2497
189	1323
140	236
103	872
410	1319
152	587
443	751
314	758
257	660
516	1287
1454	2166
891	1156
1180	1264
1010	2511
853	2382
235	315
195	1168
1535	2245
199	765
256	633
620	1085
1010	2001
1984	2531
1203	1205
624	844
974	1899
921	1982
234	1486
747	2650
273	568
386	795
1076	1079
377	1891
166	199
428	1564
1125	1134
372	1059
118	1135
1225	1481
56	520
363	854
971	1205
853	1064
364	744
659	729
304	580
281	493
448	449
100	1105
132	137
1797	2308
372	1185
345	346
1203	1453
1174	1782
1345	2338
1584	2298
404	533
275	781
329	1351
327	710
148	1185
1056	2436
250	251
795	1270
534	1658
744	1249
857	2017
538	539
560	561
1266	1294
126	186
1545	2344
375	1062
298	371
2098	2121
375	377
299	2104
322	768
222	1289
280	866
525	768
846	1172
378	2632
252	1513
87	89
348	2356
214	802
369	1762
612	971
347	425
1212	2224
738	961
634	970
219	220
450	1274
750	986
582	586
983	1507
603	624
779	1128
450	614
1350	1618
26	757
514	1295
140	141
269	2230
1521	2236
281	1318
448	623
1585	2049
187	476
415	713
340	2093
395	441
1988	2396
251	255
94	98
1224	1261
780	913
1632	1958
1097	1300
360	1328
295	296
655	1329
2000	2236
192	2476
342	1265
190	1042
1304	1305
38	1048
1675	2284
229	883
218	533
308	311
103	550
286	937
144	246
626	1200
442	481
56	375
659	674
464	466
163	328
234	596
410	425
219	807
276	651
2171	2447
130	1309
338	1101
1084	1157
947	2191
2210	2402
371	1061
429	1318
586	1049
1153	2414
1668	1805
215	1073
2255	2600
424	609
1287	1554
2187	2375
1066	1067
1373	2037
854	1145
333	410
95	96
1922	2468
105	873
413	1671
163	872
674	1129
395	843
233	1585
839	1206
83	2394
103	252
298	655
382	728
1141	1249
12	1351
2164	2438
795	1100
1125	1270
1013	2107
636	1080
1035	1037
35	1056
343	565
524	753
1109	1186
655	1316
199	201
835	2606
664	823
582	1165
2269	2542
181	182
478	1592
103	109
111	1162
102	372
276	1636
632	880
736	886
280	454
444	1305
556	856
1014	1048
752	754
328	471
37	856
451	519
1767	2390
495	580
418	1327
285	415
1228	2073
1197	1206
493	955
948	1295
251	259
1198	2573
226	365
68	1058
986	1240
590	760
161	1031
1169	1172
791	1031
321	654
84	280
2097	2588
621	802
262	1206
36	2213
624	1803
22	88
1249	2049
1192	1193
1758	2297
595	948
373	1872
991	992
101	112
498	772
1004	1097
396	585
112	613
744	747
452	1250
132	861
492	1141
196	222
1131	2114
118	1113
253	2017
158	640
640	1097
741	1883
1055	1288
164	236
552	2216
332	1292
74	76
393	397
805	1027
418	771
794	865
1598	2069
108	2208
1058	1064
807	809
1135	1195
110	669
844	1114
655	657
1620	2075
409	652
991	2642
2194	2468
1788	2409
158	232
136	852
898	1127
285	713
2134	2408
270	922
344	760
101	422
1436	1832
778	898
250	372
111	226
1049	1290
257	553
134	627
609	1060
822	1129
1060	1289
255	257
272	273
655	2049
1220	1222
82	1123
353	538
1593	2057
103	1167
2246	2520
197	519
706	1962
819	1064
1655	2068
678	2571
866	1134
486	1847
245	2516
218	1042
1073	1096
257	620
805	1253
40	959
287	1081
219	1288
1817	2167
343	1067
185	253
56	324
243	1009
401	2282
409	861
1623	2102
226	746
843	1292
945	1081
215	856
1524	2662
310	2426
19	2625
1425	2026
158	853
411	1679
519	553
84	236
296	1413
200	1014
1620	2588
1035	1046
38	635
26	466
23	164
360	2141
162	376
232	640
32	1275
108	362
663	705
1259	1260
492	2049
229	862
1182	1297
118	119
26	229
555	1676
590	598
2241	2280
108	604
972	2297
640	1067
320	1113
286	1062
1462	2443
1401	1442
1145	1298
1111	2289
691	1277
1076	1449
480	1007
1019	2010
2183	2223
1112	1163
221	1313
588	1268
207	1224
673	1822
386	590
656	838
467	1121
1533	2010
760	1075
796	797
610	1585
817	934
19	1358
434	1998
524	743
925	927
384	912
35	1171
1217	1219
59	559
249	327
1268	1867
157	2027
980	1045
636	687
1055	1057
429	2505
1232	1242
477	2467
1279	1929
898	1835
466	1022
222	851
757	2618
1119	1585
221	887
1569	2433
416	714
150	722
230	776
264	1373
415	750
443	1173
1391	2607
349	1210
1819	1975
360	450
321	1292
823	988
263	1321
443	1053
132	2017
453	630
82	697
325	576
899	901
224	324
1486	1961
1067	1300
56	286
860	948
417	548
525	1319
12	2492
1770	1948
330	2313
663	728
2060	2617
705	706
508	1218
10	2361
1654	2102
563	564
217	226
191	2476
671	1098
872	1054
1004	1058
19	936
807	857
584	628
1047	1453
387	1268
236	344
98	1885
347	1109
258	953
700	2503
1706	1761
570	1943
126	1320
1806	2080
1588	1837
276	277
449	721
409	1137
443	1264
214	279
145	734
469	987
139	826
175	1414
112	1721
316	962
851	1060
21	235
1035	1061
712	1304
455	2390
1237	2348
155	2027
455	2659
496	748
492	744
809	842
553	1202
84	344
860	1031
284	1536
451	969
740	741
37	1096
159	813
71	1142
360	533
107	321
237	346
305	922
25	1155
565	640
222	227
131	134
2603	2662
452	1004
936	1052
627	631
256	968
914	917
161	342
880	952
828	832
525	2132
271	2230
1563	1805
843	968
32	68
620	1172
784	870
1905	2039
242	534
622	941
135	1210
560	563
1057	1119
269	1759
654	2462
360	2413
703	1962
690	2482
1070	1449
545	2290
775	848
776	1497
189	842
24	90
650	1309
980	1118
1057	2049
1276	1424
277	278
34	415
185	652
18	701
1090	1091
440	465
1383	1901
1390	1648
1070	1074
107	441
468	632
1106	1110
222	2106
938	1704
83	1656
137	839
23	866
474	479
1152	1280
158	1300
1457	2602
1173	1203
924	1369
1819	2595
525	1949
1617	2369
549	813
1187	2032
295	2401
220	808
9	162
666	868
425	1293
287	2256
2234	2249
617	731
396	1202
911	1947
884	1240
713	880
567	771
1373	2587
451	453
108	585
498	705
142	143
229	1318
348	372
17	1099
1670	1933
565	1003
136	612
385	1275
1088	1090
1227	1230
481	569
1542	1693
622	694
379	381
440	807
107	843
880	1263
1405	2117
91	391
616	2152
1007	1084
912	913
691	1059
443	970
1797	2346
496	1387
455	1030
149	587
2051	2448
1115	1168
260	263
968	1546
16	1014
131	273
335	2241
502	1285
500	1395
75	76
194	201
771	2610
1765	1888
387	390
23	673
135	1315
1588	2400
117	259
280	673
46	1603
2376	2411
817	2340
1024	1027
552	584
148	1196
39	229
336	337
275	1145
966	1287
130	1195
1385	2583
474	2065
1143	1319
514	1163
699	801
726	1974
279	809
597	598
1181	2535
2199	2642
481	553
656	889
576	1242
492	610
226	410
92	1907
638	947
417	621
1049	1205
1748	2154
2172	2323
1484	1661
1154	1271
227	859
1041	1042
242	514
1113	1115
12	482
441	851
256	1056
92	97
140	963
1227	1403
222	764
235	793
196	373
894	1164
1196	1287
497	499
889	1175
441	1060
453	1186
1231	1734
164	795
784	929
455	749
536	1502
140	1100
252	450
92	95
300	594
103	844
906	1572
19	516
125	1120
1120	1205
330	1116
197	1057
1029	1730
129	1298
687	1129
493	1036
1276	2138
129	363
2143	2645
883	955
220	1199
102	1196
429	781
1261	1876
422	582
586	2132
1166	1175
68	1300
335	339
1621	2428
494	599
650	653
552	1201
862	1149
110	225
1966	2246
1004	1305
104	120
710	1113
300	616
144	1716
1110	2378
34	1277
137	613
535	2296
1115	1312
198	818
1172	1249
1371	1738
246	2290
458	950
1197	1311
469	937
477	1725
402	1462
125	136
1281	1283
868	1274
35	321
517	519
323	952
233	519
114	329
437	2023
257	274
1450	1499
1139	1314
19	1178
1442	1502
1282	1411
274	1329
1176	1782
76	564
1092	2188
1083	1300
226	397
955	1236
1381	2617
1515	2317
2434	2557
715	894
977	2522
623	710
106	1170
1141	1316
302	566
124	259
520	1047
447	2272
217	225
429	1150
46	1403
226	630
1309	1319
1234	1963
526	1190
257	569
519	2049
118	125
422	2140
482	1030
575	890
164	1100
1742	2362
123	667
166	754
533	1197
2417	2568
2286	2436
2423	2465
1098	1100
344	673
1033	1157
823	1129
552	1292
200	611
857	2034
328	614
47	1403
757	854
1810	2086
959	1372
463	1237
127	674
394	625
1228	2624
375	443
429	1298
883	1150
19	721
19	1166
2218	2485
418	567
926	1369
91	319
354	1068
880	1166
274	1172
731	1023
550	1311
674	822
319	592
1054	1197
892	950
456	2055
168	2199
84	1281
1240	1277
404	1328
437	605
349	1118
852	1319
920	1274
2242	2283
1048	1097
568	1311
712	754
771	860
131	1114
372	816
404	614
102	880
1190	1265
223	228
636	659
665	669
799	1096
254	1169
796	1883
844	1136
498	1650
232	1097
223	2049
623	1165
415	1277
1994	2018
274	869
1021	1022
107	108
612	613
806	810
631	1320
120	571
455	1767
1576	1629
670	767
1030	1190
242	1031
216	249
1224	1295
1040	1059
825	827
1241	1681
1878	2499
443	953
444	1211
1385	1397
253	261
1211	1275
258	2046
728	772
189	214
2259	2297
550	1054
386	1281
250	323
9	853
327	1309
1040	1196
108	660
1269	2424
250	1240
1003	1058
691	880
524	767
299	2662
670	673
743	1015
677	1303
349	1140
1640	1906
251	257
92	93
914	2577
553	846
148	936
1040	1166
270	1363
1218	1774
1111	2095
232	554
1492	2362
12	1327
1041	1048
103	1054
1035	1039
218	276
252	550
1071	1449
896	1103
100	560
63	2571
280	389
1	2334
207	595
382	867
19	348
397	1319
370	371
1185	1287
281	1150
257	1046
357	2428
365	397
706	1771
953	1203
885	886
704	1380
781	854
335	1098
223	585
1651	2530
2381	2528
162	1064
911	913
371	1046
38	554
1151	1268
369	802
1777	2335
208	619
1145	1149
215	837
86	588
889	1949
852	971
142	1157
598	740
84	2394
249	255
313	521
655	969
331	627
760	1134
69	70
1205	1293
640	2039
1371	2562
156	2027
1446	1964
921	970
1298	1318
198	921
106	111
431	2174
433	864
371	1119
988	1105
1523	2509
703	704
23	963
120	440
101	1291
376	1211
1398	2102
190	404
581	929
550	1042
1476	2281
671	2291
16	661
1089	2188
536	537
685	890
53	1266
78	79
569	610
1403	2114
135	373
667	1292
545	1164
722	987
193	449
309	310
551	2034
697	699
1866	2411
492	1316
222	223
23	1100
16	444
749	1295
880	1052
597	1152
880	884
232	1064
699	963
982	2304
190	1311
125	425
1008	1009
413	785
354	462
587	777
1959	2578
150	469
179	325
122	1044
304	1258
1024	1238
298	969
1152	2475
627	1803
738	793
1115	1198
17	698
108	274
258	469
526	595
838	1120
732	2136
1711	1991
397	1049
655	1249
648	1232
253	254
648	1066
195	201
449	750
586	1001
1163	1295
101	110
389	963
553	1119
526	1327
1819	2251
332	980
599	1883
1084	1104
713	1629
812	814
1248	1249
164	673
257	396
813	1388
1115	1117
458	694
369	621
50	2616
600	1272
861	1476
1271	1272
185	2034
102	1185
223	274
398	780
841	1912
1951	2435
1510	2096
106	133
760	963
12	1936
150	1203
410	1143
467	839
1364	1946
126	262
517	767
334	839
444	1097
56	970
2069	2201
10	707
862	1476
1143	2132
986	987
862	1036
1168	1173
497	500
1086	1146
963	1125
198	350
127	149
257	1513
1058	1300
185	861
326	2301
1170	1782
1884	2068
125	971
666	711
534	1031
502	503
183	982
967	1000
1236	1318
136	397
173	1414
1345	1469
1030	1514
612	1290
158	1250
1069	1626
1779	2058
598	1147
2336	2615
887	889
175	2280
322	612
286	714
454	760
1930	2434
222	424
1620	2610
1299	1300
1482	1879
1479	1952
1431	1878
1312	1315
1731	2252
1162	1290
470	941
1606	2083
612	1162
3	7
554	1003
265	266
186	1784
76	1422
109	1241
934	1080
465	1115
452	888
222	1045
838	2335
1365	1627
1165	1291
410	586
141	2470
519	569
371	553
1179	2139
659	687
291	1016
273	1785
109	443
655	1585
315	597
364	569
425	1205
395	397
89	1194
619	765
900	1835
1209	1543
673	866
36	208
438	580
1662	2398
140	673
687	817
654	1210
36	214
374	655
1114	1118
111	1293
589	1269
691	1196
233	492
137	1320
476	1725
759	1280
264	2457
250	449
258	921
1227	2114
792	793
517	521
271	860
1124	2253
1933	2550
822	823
395	609
198	469
1370	1681
757	1345
471	1167
476	478
1169	1176
149	823
979	2210
2060	2072
829	2566
781	847
161	595
278	609
1842	2119
103	190
102	110
671	697
152	823
111	322
119	920
349	424
871	1255
26	1298
158	392
645	724
1124	1849
1115	1137
889	1205
150	286
75	2439
55	468
687	777
96	98
632	1196
395	1201
136	333
132	857
131	163
223	257
333	1186
65	379
391	600
411	2560
846	1085
1283	1670
742	965
293	1257
438	2056
1387	2247
839	859
1997	2115
712	2036
1061	1202
1036	1298
364	1202
903	2183
1179	1854
402	695
1801	2422
792	796
12	455
526	1112
482	1265
224	1989
333	586
409	551
858	897
249	766
75	1422
1389	1645
302	1019
556	1073
137	1144
470	2433
11	413
339	577
1484	1533
185	195
559	1157
241	594
1687	2081
714	937
512	1847
1163	1327
103	533
898	903
565	1083
233	1085
980	1501
644	1453
39	862
1498	2492
276	1747
100	127
233	257
358	951
1003	1275
229	1150
1587	2286
876	877
448	885
608	1311
999	1001
688	2482
191	979
999	1084
219	625
200	819
332	1171
275	363
1572	2166
233	451
439	442
891	2521
1865	2149
17	576
148	1240
390	1282
292	313
628	1803
577	1233
21	388
237	238
488	489
1441	1687
362	1172
1688	2242
20	1929
691	1052
417	504
1815	2438
920	2336
1566	2431
746	838
301	562
453	746
397	1949
673	1270
862	1318
790	945
200	1058
599	2495
743	746
114	394
324	970
148	966
311	2426
173	1157
633	980
1027	2092
749	2479
1842	1881
445	446
757	862
837	1082
449	1263
116	667
129	2197
1383	2179
40	1255
497	1032
1328	2416
1145	1150
114	1055
1344	1794
220	228
1505	1646
1281	1670
394	2017
897	2044
1109	1290
773	774
169	587
356	1598
129	883
274	969
951	1103
969	1061
530	2003
1423	1678
1058	1083
16	640
740	801
1152	1604
1238	1633
598	673
807	1288
422	650
1293	2063
209	211
953	2184
455	1327
988	2561
919	2326
221	227
24	599
194	1054
823	828
511	1553
280	963
1036	2289
1425	1900
502	2643
140	164
142	583
200	1048
22	865
22	1133
437	879
492	1202
652	653
116	123
1115	1118
899	903
65	66
102	816
114	571
627	2382
2107	2508
885	887
670	1822
281	408
469	1173
1054	1167
194	1114
1279	1281
1834	2180
367	369
323	721
658	1952
1197	1200
12	567
765	1330
89	598
410	453
314	319
131	1197
1325	1743
635	1275
806	1184
798	2453
1604	1856
1040	1277
1620	2276
953	1264
348	468
143	1601
207	242
751	1264
38	1607
44	1388
2139	2641
167	864
339	701
126	1206
101	710
2451	2504
819	888
2549	2566
1224	2228
560	777
422	1309
1008	1673
535	1164
150	644
565	635
91	1155
37	2213
1630	2236
1314	1316
429	1022
187	622
119	122
604	846
768	1049
936	1185
1759	2318
1606	2596
109	818
868	869
689	1975
469	644
374	1085
9	565
829	832
564	1026
281	1036
476	477
336	576
398	892
1585	1903
197	1316
207	771
119	844
469	818
912	1823
441	843
608	1356
25	762
257	1057
17	724
1478	2626
595	749
9	376
318	741
364	451
116	980
870	2332
1605	1713
281	363
130	1923
686	1103
775	1041
428	696
883	2464
116	1210
374	377
928	2085
468	721
571	1168
2073	2353
210	695
1634	2323
129	1236
632	1166
802	842
469	1453
312	518
372	884
567	1295
250	986
107	1118
1312	1313
1573	2592
626	1562
196	204
570	1236
103	360
813	814
332	552
334	863
373	1140
1518	1953
609	613
442	1141
2001	2511
395	1140
111	612
102	449
582	650
449	632
1078	1079
1351	2017
1675	2432
441	2462
657	897
752	895
1869	2378
397	630
1100	1147
1116	1138
1167	1274
834	1438
782	1485
280	386
276	471
875	876
1375	1877
17	325
374	604
924	1016
217	750
6	1368
267	268
201	2253
758	1929
72	126
197	202
274	610
1050	1431
31	1391
585	969
170	2443
466	955
1	1260
218	614
938	1276
410	1290
751	953
1328	2143
127	560
86	1929
668	2370
386	740
337	1147
261	397
864	2097
1081	2602
199	802
17	179
620	1316
885	889
276	624
849	2324
56	1278
320	766
1040	2529
32	343
270	1624
2175	2325
364	604
271	567
2399	2540
298	1585
68	1275
331	1314
119	1054
570	847
1639	2634
363	2413
75	756
525	1109
376	377
185	186
1541	2021
429	1145
578	2050
1250	2512
631	863
376	635
854	1298
1069	2599
861	2034
1971	2215
417	727
746	1175
162	1971
514	1031
362	1141
528	2504
312	924
590	866
2118	2247
1617	1836
109	258
532	1384
553	2049
699	1134
422	1165
229	1126
1118	1171
1500	1752
1027	2104
636	817
448	1165
923	924
824	1127
657	1121
614	920
886	889
746	1001
1755	2187
650	1165
2015	2626
873	1169
217	1178
1231	1792
904	1598
551	571
1565	2225
980	1171
956	957
300	922
324	1173
505	1036
656	1109
910	948
1403	1719
1780	2062
102	107
1645	1973
360	608
250	516
805	1626
425	586
612	1175
606	824
1112	2378
361	890
1185	1263
148	986
207	1163
68	1876
328	334
152	934
243	1072
401	438
879	1764
1036	1037
148	415
582	2243
104	195
420	476
780	941
345	800
1725	2065
2522	2650
660	1780
623	625
34	691
467	631
771	1327
311	2549
219	329
1707	2604
717	1266
1300	2129
801	1281
337	1075
187	434
207	910
1536	2012
298	1172
36	727
159	1647
476	780
1048	1275
140	740
624	625
236	801
740	1585
1160	1162
195	197
404	920
671	1426
831	2566
195	652
713	1052
585	2049
397	1001
844	868
393	623
298	604
2151	2168
571	861
1249	1585
608	612
629	631
510	512
1614	2485
1224	1876
88	1133
594	616
1163	1190
1204	1205
979	1314
2022	2137
35	1289
70	191
964	1779
1075	1079
595	791
1849	1893
327	523
363	1150
821	2068
586	1949
515	526
679	2353
193	250
913	2500
362	1035
1175	1176
983	984
196	349
603	711
1256	1874
590	1281
1111	1112
404	868
944	2652
398	498
1372	1631
898	2183
1613	1865
1833	2320
624	627
526	791
1259	1262
196	1292
257	481
200	888
2031	2643
410	838
232	819
1014	1275
19	34
451	1119
56	1053
131	1136
458	780
554	661
335	337
2510	2567
915	918
843	1056
257	610
304	306
562	1775
371	846
223	569
1386	2650
2028	2639
1030	1265
152	864
516	952
34	986
195	205
218	844
1634	2515
184	2314
1439	1892
730	1271
1151	1154
1868	2153
955	1036
27	29
118	1291
16	1097
627	1562
34	884
612	768
196	205
820	1655
1167	1197
673	963
961	1280
550	551
1314	1318
112	897
131	872
598	1194
149	674
801	963
129	1036
197	846
216	766
505	1150
1336	1776
161	455
1804	2425
129	955
258	286
350	1487
864	2383
682	683
614	624
1075	1078
108	620
316	1924
1361	2552
225	1142
14	1945
257	1172
59	999
1093	1094
23	24
1226	1227
1412	1873
1514	1880
852	1143
667	1501
757	781
1442	2307
687	934
1132	1838
514	1265
293	1770
38	1004
1854	2535
2251	2595
847	1145
135	633
24	1282
1304	2401
731	824
138	617
562	564
764	1201
1304	1323
555	1242
1057	1058
1610	2147
1532	2538
1270	1272
326	836
1528	2397
127	1129
131	1167
232	1014
1151	2475
600	965
56	751
430	899
103	614
1475	2008
187	892
24	741
1288	1554
1085	1141
1046	1202
1074	1077
1028	1034
910	1224
1212	2416
402	705
968	969
2002	2493
242	948
520	1453
428	785
323	325
586	2583
9	200
475	1474
750	1277
624	1311
640	661
37	1739
334	1320
1017	1018
416	644
658	2295
2006	2186
23	795
189	1107
762	1789
449	468
223	846
360	550
2552	2623
256	1060
1312	1351
109	112
276	568
1371	1489
1844	2333
792	797
228	1207
318	1883
921	1047
638	640
383	2555
591	1271
519	1046
560	823
749	1327
859	1721
1932	2658
21	1152
1289	2415
1284	1862
937	1053
318	346
67	1249
195	861
827	1572
450	844
424	2140
2035	2302
286	1180
278	441
278	552
888	1305
232	1067
758	1789
723	880
1370	2236
520	1203
1022	1236
108	519
349	2462
1597	2599
250	263
1562	2546
242	526
88	316
1643	2523
632	952
1043	2017
622	867
202	478
227	2106
1660	2538
534	1112
897	1721
515	1112
280	801
67	451
280	590
372	468
20	2355
119	603
139	2096
67	1172
1850	2128
592	1272
276	1136
396	553
550	603
628	633
416	1053
69	1312
384	704
164	590
808	2256
192	863
611	1211
350	970
224	1047
396	620
126	137
1261	1295
876	1266
667	968
0	2619
408	883
273	1167
67	1141
1290	1949
410	1949
324	443
744	1316
358	1491
1082	1457
1484	1793
287	945
493	883
584	1140
568	651
1088	1091
713	1185
952	986
374	610
534	749
557	2318
256	609
801	866
492	969
1192	1194
759	1152
707	2361
1459	2604
233	744
518	521
2616	2633
429	1036
161	482
1903	2394
32	1083
633	1118
1349	2369
483	1940
329	331
437	1146
102	468
518	924
328	1054
120	551
217	713
71	225
221	1138
454	1100
1484	2500
1241	1630
945	2256
963	1100
526	1931
158	888
253	1168
107	1171
1722	2620
362	1085
1378	1960
410	2132
254	260
387	1151
920	1054
345	2267
1456	1597
1014	1083
982	2489
643	808
95	97
101	1113
1171	1782
827	831
190	276
337	1194
118	710
1316	1320
1085	1119
56	953
523	1165
470	906
84	164
109	113
372	373
145	875
87	597
83	84
167	687
193	439
852	1293
484	485
1114	1120
434	2540
328	651
1353	1501
1188	1709
101	393
148	880
1309	1318
298	553
135	1201
534	948
2191	2381
1811	1867
37	38
281	570
217	228
585	1061
860	1112
1507	2527
317	1075
1225	2186
363	2141
55	1277
699	1281
434	472
532	2331
217	415
218	711
1399	1710
631	859
844	845
104	857
760	1789
389	1270
449	713
131	651
554	1083
597	2495
884	966
222	321
545	1587
624	920
167	587
362	364
370	2520
265	268
787	1024
561	562
303	977
2299	2420
619	809
216	219
1180	1278
862	863
207	1031
520	722
591	761
320	321
471	1311
1448	1932
347	1175
393	650
1107	1330
693	1512
210	906
163	550
135	552
937	970
373	1501
723	816
1641	2650
564	1074
526	534
593	1146
148	1052
873	1081
199	621
208	369
163	603
581	870
366	369
966	1277
29	30
311	509
902	903
148	884
1920	2537
1293	1319
854	1063
548	809
103	1114
584	1045
1702	2382
223	553
413	1934
194	533
927	1369
119	711
453	1175
372	691
2115	2267
1042	1311
917	919
1446	1953
2584	2607
942	2024
300	302
749	910
1100	1134
9	343
818	2340
53	876
374	660
1380	1635
612	1503
476	867
126	858
1119	1120
938	1213
425	1049
327	2313
1876	2496
274	660
1073	1079
119	450
120	2017
177	2137
1408	2465
385	1097
577	579
305	496
1211	1305
392	853
702	1380
84	598
1781	2471
257	668
178	671
525	1049
1109	1949
1195	1199
1785	2131
223	1141
799	856
336	645
587	659
1393	1914
1008	1011
769	1395
636	664
629	1803
1099	1232
1087	1090
286	324
408	429
364	374
112	631
180	760
142	2473
307	2549
1047	1241
1150	1298
869	1316
1034	1038
764	1171
897	1176
35	278
588	2374
1794	2355
1113	1117
318	796
119	121
498	1706
274	1046
688	1993
1415	1845
333	768
1070	1073
100	288
554	888
628	1562
161	1984
152	674
224	1180
196	552
363	1145
802	809
1301	2091
732	826
524	1000
333	838
342	2472
346	730
116	1060
970	1047
1033	1034
28	30
1066	1242
23	344
1028	1417
1222	1774
1191	2609
666	872
771	1031
2082	2366
108	553
177	2022
111	1175
393	582
703	705
823	826
759	793
32	1583
453	1001
1741	2148
1044	1209
452	1014
825	2566
108	1172
806	807
1663	2399
1295	1915
161	242
599	1271
288	817
1320	1321
495	1110
1044	1314
1274	1276
111	1001
190	252
649	1770
90	237
348	816
771	1112
287	1592
232	1305
285	723
428	2122
1154	1155
135	1501
372	750
55	936
218	608
619	712
1036	1039
493	570
243	1025
1036	1318
516	520
1044	1139
1313	1318
1850	2359
505	1236
337	2241
1288	1312
1515	2215
1198	1200
458	913
430	787
1166	1173
1166	1176
131	135
135	1289
966	1166
242	1190
239	472
2096	2659
1210	1501
2084	2158
882	1948
2081	2288
186	1144
711	920
441	968
489	490
443	1278
971	1290
483	925
298	1423
864	1093
603	604
149	151
434	476
1136	1328
565	853
32	2395
1196	1263
905	1557
424	1118
371	396
321	1140
259	262
980	1060
111	768
803	2174
1162	1175
588	596
1712	2611
1033	1104
946	1914
611	1067
439	516
364	1316
34	323
609	612
604	1035
279	842
1509	2230
455	791
198	199
224	722
199	1323
537	1502
228	1321
136	1923
504	1323
293	890
102	109
1081	2661
250	713
635	1250
447	601
848	1844
1080	1237
859	1176
17	639
721	1196
844	1167
408	955
382	458
449	454
1610	1857
860	910
317	801
934	988
116	2462
166	417
2099	2392
404	603
657	1320
334	859
1831	2395
915	2577
180	2181
376	385
1113	1195
280	795
1071	1191
229	757
1400	1437
170	2594
515	2522
161	910
50	51
370	480
732	733
807	1312
187	420
198	1264
1145	1841
189	809
1719	2459
425	852
512	1553
329	2017
139	779
322	2132
1516	2386
1702	2254
642	1788
364	1249
1294	1825
753	845
408	1589
1381	2125
185	329
217	250
626	1138
1057	1249
655	1085
1458	1769
20	1279
129	854
686	2109
883	1913
324	375
596	1279
335	1192
802	1330
791	1190
458	2422
393	1113
1355	1805
19	55
569	1943
256	321
722	751
2041	2084
668	1119
251	1513
781	1126
1481	2006
25	742
343	661
533	624
654	1171
172	381
680	1830
1075	1153
148	632
18	1972
72	1206
507	2100
280	2021
1087	2270
517	522
901	902
180	1134
1186	1402
420	892
1314	1315
454	740
383	622
467	1721
1823	2500
169	459
441	1289
493	1150
728	950
1036	1038
109	937
102	323
920	1197
1804	2361
1574	2168
111	425
572	859
169	817
589	1754
1130	2114
429	1149
1410	2396
421	1041
9	444
163	273
373	441
107	332
231	1324
102	986
516	986
842	1330
186	334
665	775
1159	1410
321	1672
234	2636
1355	2314
120	807
659	988
1436	1684
773	875
980	1056
1519	2099
1367	1735
429	1126
1949	2132
687	1105
1022	1318
760	761
148	750
416	1180
112	2208
119	1328
365	2132
1282	1883
317	1100
1082	2322
1171	1173
965	1283
56	258
357	1352
878	1737
1033	1037
750	1263
346	1154
2361	2425
894	895
198	201
743	923
282	2054
328	872
713	1890
365	1949
320	650
471	550
333	1049
726	1461
577	578
1201	1203
1178	2412
246	247
443	444
1176	1177
666	1328
717	876
667	1140
211	212
937	987
343	554
1576	2100
1006	1010
1143	1144
504	809
664	864
958	1893
208	1330
149	934
197	257
1310	1321
448	766
209	326
1914	2191
227	613
795	801
429	757
1812	2371
226	227
189	369
16	1004
2087	2371
152	636
464	1551
476	728
443	987
401	580
624	1136
1091	1771
644	1053
2469	2481
791	1327
623	631
2149	2594
164	1194
43	1527
523	525
114	253
195	571
650	1113
810	1721
218	1114
1647	2317
740	1903
560	988
362	1046
128	1455
175	518
493	854
55	102
249	259
1255	2033
790	1303
342	1112
274	2131
1043	1137
1167	1782
38	1003
169	674
16	1983
40	871
867	950
1007	1104
33	1583
1786	2345
386	1147
702	1635
748	1802
533	1136
1103	1146
315	388
278	633
390	1883
497	498
278	1292
1026	2092
476	906
656	1186
466	505
55	1059
87	91
752	1452
88	794
240	2105
233	371
1135	1141
291	924
1172	1175
143	686
755	1452
38	162
20	596
610	612
1197	1203
1992	2261
358	896
502	2287
349	1060
132	329
847	883
262	863
1173	1241
241	748
1860	2373
600	1506
876	1012
596	2495
668	1329
576	1066
758	792
407	999
523	650
695	728
1218	1220
102	1263
250	261
334	1144
1114	1328
173	2014
1558	2509
348	632
492	569
560	674
585	744
376	1250
386	1270
1420	1677
638	856
249	262
900	2136
882	2453
739	962
1147	2072
628	1045
830	831
1234	2587
1153	1155
418	455
242	1967
480	820
637	1592
710	1165
598	866
1087	2188
8	2081
1055	1351
1021	1301
474	1080
1169	2256
1350	2561
759	760
444	565
562	566
386	866
554	1058
185	571
746	1949
481	1046
1218	1221
913	2384
332	609
26	505
819	1003
590	1194
578	1343
232	452
271	791
1488	2290
102	2208
636	1129
1670	2278
860	1295
178	1098
60	1074
553	1061
515	1386
1646	2131
258	970
650	655
237	2207
441	444
520	818
904	972
448	1113
1001	1205
1948	2417
966	969
100	459
465	1551
651	1054
362	1202
606	1127
571	1043
162	1305
1502	2661
276	666
453	1293
1644	1755
443	634
307	311
651	844
273	608
2200	2237
1167	1173
322	1143
275	281
390	1895
767	768
614	711
652	2017
120	124
1639	2036
1075	1194
1140	1501
507	2597
129	781
226	1290
114	1834
270	305
389	740
348	966
617	778
347	612
362	481
614	1042
182	339
1993	2529
10	929
1826	2389
39	2491
269	401
687	1080
667	1289
102	750
109	970
1012	2508
576	579
441	1315
954	957
127	823
2047	2278
1289	2462
418	534
259	1317
208	417
169	777
20	387
750	751
21	87
657	1144
399	1689
158	661
589	1280
224	1173
768	1205
162	385
1113	1120
432	2174
373	851
1656	2198
1612	1720
196	1210
1822	2565
371	1085
190	328
812	813
1081	1199
356	904
280	598
620	869
643	1303
372	374
398	458
235	589
250	880
604	655
493	1022
731	733
1851	2605
128	1819
253	1288
82	671
672	1822
1523	2003
208	765
637	677
661	1083
812	1883
166	279
281	854
119	123
5	1368
585	610
208	1323
189	1304
975	1331
764	1210
129	408
463	988
643	1169
143	896
545	2457
954	956
32	1300
440	1168
100	149
1311	1318
122	2382
413	1243
349	851
586	768
520	644
825	925
138	1127
1560	1590
1976	2460
633	764
1063	1126
1203	1241
1295	1876
158	385
2024	2359
12	1190
35	1292
1047	1850
778	1127
252	1197
1196	1201
415	723
487	488
370	583
1179	1248
471	533
2032	2504
1106	1130
374	519
396	1249
750	952
332	334
164	760
131	328
1057	2286
772	892
389	2171
465	571
39	129
533	868
451	655
1411	1860
600	742
1016	1019
434	705
210	913
496	1969
987	1062
1510	2228
1399	1412
340	1816
344	1147
161	1295
158	565
399	1444
966	970
249	1113
817	1470
1936	2087
1842	2568
1082	1096
1168	1782
26	39
1046	1061
1169	1177
1049	1949
685	2453
133	1313
1142	1144
658	2178
2104	2618
1641	2522
189	199
67	481
334	897
225	1989
126	810
65	709
917	918
1611	1862
931	1840
373	1315
614	1328
177	1024
194	203
467	657
474	1105
650	1135
606	898
1906	2591
1552	1705
226	333
16	452
1474	1592
34	348
304	305
274	374
449	450
122	1139
555	1181
674	1401
413	1346
322	1293
1329	2416
1022	1298
361	2413
1279	2278
1881	2440
36	1607
722	1203
1166	1178
378	379
609	654
818	1278
515	1224
1716	2456
1561	2530
441	654
80	2198
19	372
714	1576
320	523
1436	1889
173	1020
1059	1064
1456	1703
533	2064
127	1105
81	901
1250	1300
1220	1788
398	950
603	1274
807	861
1025	1072
828	1252
230	2599
936	2054
224	714
1812	2224
465	467
1122	2471
1562	1803
476	772
1435	1911
1012	1013
1474	2467
17	18
665	1310
1199	2573
325	1099
861	1168
216	327
261	410
1719	1955
382	950
389	866
1481	2186
1110	2282
1966	1987
1282	1670
172	2530
1120	1121
799	1082
818	1180
259	2046
26	1150
268	1896
1710	2608
632	884
1041	1047
1563	2043
424	1045
847	1126
107	113
130	137
1981	2423
397	425
278	349
9	819
185	465
620	655
1506	1551
173	480
101	523
396	492
700	1101
799	1161
334	1721
1323	2385
817	988
56	2379
914	1028
97	1907
93	356
163	218
1272	2424
588	960
819	1097
819	1067
1337	2555
1794	2482
130	422
1245	2596
1058	1067
288	1909
342	455
427	1859
808	945
751	1278
106	1313
1775	2609
285	1166
329	1168
1433	1602
18	1233
1173	1174
470	622
410	656
132	409
473	1041
1178	1181
150	921
740	1100
670	967
500	1088
476	1592
2328	2611
656	1049
392	444
1206	1721
225	228
477	478
1139	1142
644	1173
279	1747
105	1199
331	1448
587	988
2316	2596
442	1329
246	535
376	392
438	1130
2182	2624
418	526
135	137
2049	2394
866	1270
415	516
386	1194
1035	1085
1253	2125
1267	2292
492	1700
857	1168
1138	1200
214	727
387	758
1538	1779
1151	1425
661	1014
255	259
673	699
1454	1698
271	526
705	780
587	822
636	988
495	2282
1462	2329
807	1055
656	746
332	633
180	801
9	635
1594	1727
1481	1526
1970	2472
132	571
317	673
119	163
2264	2285
120	394
90	741
396	1141
329	807
550	1114
991	994
103	471
253	2046
1113	1118
472	906
132	1043
358	437
610	1119
242	1224
594	748
1043	2128
440	652
646	647
255	2046
504	621
1629	2170
127	934
1584	2576
547	1645
534	791
958	1631
21	793
86	88
718	2203
854	1318
1094	1299
552	667
423	855
584	980
1482	1732
281	1145
209	959
842	1107
2157	2276
233	1615
769	770
336	1242
253	1198
592	1283
383	476
224	1062
698	1242
237	761
586	1143
2351	2631
86	1279
417	619
1198	1288
694	950
348	691
1217	1222
560	636
132	440
764	1140
9	1083
389	1281
610	1329
109	1047
1014	1300
742	1272
2015	2346
195	202
119	276
286	1173
187	498
705	728
218	471
133	136
177	899
371	604
364	1119
1897	2515
1273	1276
1474	2065
713	1040
313	566
1289	1554
1425	1736
983	2527
329	2034
295	485
458	1561
987	1053
721	986
105	1169
1662	1922
710	885
695	780
566	1019
571	1351
1844	2592
646	958
810	1121
302	2586
264	266
628	968
193	966
2185	2645
116	441
888	1300
1031	1163
10	784
332	1056
442	1172
1048	1300
85	1633
398	695
885	1291
626	2546
281	1298
328	1197
449	452
1198	1202
259	669
964	1883
581	784
329	334
675	2193
1494	2217
1863	2338
891	1555
1173	1264
706	1091
227	631
840	2190
169	433
926	2235
1165	1174
320	1165
514	771
1936	2371
373	552
1316	1317
1784	2407
253	329
1052	1196
654	764
612	1949
668	1172
119	404
103	868
1964	2505
2313	2368
1642	1969
9	1048
69	104
1168	1288
111	1186
612	1109
261	971
385	1541
810	1176
786	1768
596	598
385	2126
654	1060
563	565
524	670
516	1040
322	347
29	31
415	1059
565	1211
89	801
385	1211
526	1030
1223	2221
907	1372
9	1003
394	1168
835	958
323	1178
1648	2252
395	1060
348	1178
432	1159
630	889
1717	1995
654	1140
140	280
239	420
314	315
178	1123
535	545
1990	2036
137	1206
416	1173
1009	1025
393	885
150	1264
556	558
1247	1273
362	374
112	467
1023	1027
396	1316
67	869
400	2217
365	889
721	884
342	1030
1414	1884
546	2457
415	691
1433	2078
474	478
565	1305
162	392
1245	1724
296	297
2103	2576
328	624
1597	1612
799	1073
1268	2424
115	979
67	1585
55	1511
863	1206
1253	2618
224	634
2031	2526
900	903
459	1906
1042	1043
286	1047
333	1001
322	838
600	1359
376	661
589	591
1963	2117
137	1176
455	1295
1175	1290
198	634
251	2046
2119	2162
195	1288
258	937
897	1761
655	1172
146	1716
309	1805
889	1109
257	846
370	407
193	986
298	451
1767	2659
242	1295
459	636
1593	2621
395	424
1055	2286
729	823
402	892
391	1895
220	677
2131	2530
348	1263
1516	1749
1855	2366
392	565
2217	2483
843	2232
114	409
625	626
563	566
775	1371
980	2402
863	1176
382	695
392	819
275	1063
739	740
975	995
584	1060
976	977
343	1058
945	1914
589	2374
187	239
306	1556
169	687
655	1046
1069	2104
2305	2648
458	867
2228	2562
1488	2359
1973	2525
637	790
1060	1140
187	950
200	232
1748	2037
133	330
1317	1318
19	1052
613	1503
670	845
2229	2496
120	1168
1287	1289
497	1706
422	1291
825	833
1182	1896
433	2510
90	599
108	744
1253	1595
287	677
704	912
103	1136
575	1257
877	878
1268	1272
523	710
189	712
322	971
746	1049
16	200
190	533
570	1145
192	2543
283	959
941	943
1122	1849
142	1104
1981	2465
1310	1313
68	1250
394	861
194	666
110	117
921	1241
129	429
253	440
1168	1176
279	754
276	450
846	847
109	198
565	1067
127	474
395	1315
943	2024
186	192
112	859
343	1004
818	953
27	1660
1178	2535
323	2590
404	1114
787	789
2093	2137
1292	1315
584	968
1757	1773
1414	2617
58	1672
516	691
56	921
766	1309
1085	1172
822	1080
534	1992
611	640
652	1137
728	2260
936	1528
699	1075
273	274
196	395
39	281
517	670
816	1287
591	1754
283	703
468	816
754	1304
887	1200
270	271
742	1283
332	2313
1240	1263
275	883
196	256
1650	1706
1960	2514
822	1237
1364	1833
649	1179
129	1149
816	1059
656	1205
582	585
744	1172
843	1289
1168	1312
721	723
2014	2280
158	343
663	694
723	1052
652	807
39	1126
108	969
67	442
560	822
1270	1271
250	952
329	465
1413	1935
185	394
38	376
402	472
253	263
112	186
481	1035
584	764
610	1057
337	339
365	1175
228	1989
275	408
369	765
1467	2337
50	1403
2068	2617
180	181
242	271
1628	2502
364	1057
498	941
880	986
1517	1766
561	564
1220	1756
349	764
254	277
239	382
692	1106
781	1036
502	2020
1266	2292
730	1154
468	1185
782	2234
604	610
792	1279
1171	1201
777	1237
60	564
56	1241
109	1203
116	609
601	696
935	2265
1151	1856
699	740
851	1501
199	204
194	550
218	603
325	639
819	1014
294	1567
558	2318
433	674
12	2224
328	603
443	469
847	1063
1528	1773
214	619
632	986
553	869
1109	1783
1497	1976
817	819
233	1035
271	948
1061	1585
660	869
429	1953
852	2132
1720	1863
173	1033
200	1300
526	860
648	1099
554	611
498	892
162	1014
216	1165
257	869
582	1113
223	1119
591	592
580	692
1706	1980
943	944
868	1136
279	1494
279	621
1027	1069
222	1171
797	1283
751	1241
961	965
171	172
1048	2529
1420	2559
167	822
20	960
584	667
1267	1680
866	1194
415	449
239	240
1275	1305
1469	2169
609	610
385	554
5	6
569	1329
2185	2628
158	819
408	854
638	837
657	1176
180	386
1198	2034
667	764
67	223
1180	2139
327	582
397	1109
609	1289
533	1054
295	2380
2068	2533
4	6
971	1109
1404	2003
190	2476
1049	1850
613	1206
455	1224
783	1735
2506	2561
1393	2381
311	1219
274	298
1708	2324
528	1889
1264	1278
504	548
570	1149
610	1046
468	1166
1379	2589
323	1196
1136	1143
7	1368
608	609
120	1198
876	1737
189	208
1781	2507
428	447
862	1022
12	534
801	1904
761	964
1012	1266
2080	2548
688	689
563	1775
337	795
237	2636
152	433
1194	2445
1149	1236
455	515
67	585
330	331
24	2355
1201	2298
600	1283
719	1778
63	1306
322	1175
552	1118
327	650
324	520
114	2180
766	767
35	107
235	388
321	332
971	1186
84	89
219	440
1776	1922
42	43
234	387
520	987
107	980
422	1135
257	262
274	2530
744	745
1752	2274
385	1004
1947	2500
150	1053
1809	1865
638	2039
1165	1168
1433	2570
344	1153
838	971
559	564
851	968
952	1052
374	1172
575	1770
333	1109
1547	2027
697	2503
255	256
67	298
197	1046
1169	1171
103	568
267	1373
572	631
333	612
864	1080
390	391
324	818
818	970
632	635
295	1413
668	1585
433	729
596	1929
173	407
429	570
274	1651
2229	2244
1138	1143
56	937
136	1143
824	825
441	628
1307	2370
1155	1425
603	1114
378	380
320	582
465	857
1899	2297
2097	2610
323	936
1081	1592
1034	2638
196	441
179	698
1199	1202
19	750
1336	1922
41	1527
298	442
795	866
429	862
436	2405
823	1105
467	859
347	1186
749	2545
1885	2021
550	666
496	594
123	332
595	1030
55	56
1426	2291
67	668
424	2462
515	595
452	819
464	954
36	1739
397	525
1914	2381
768	1949
36	809
217	323
498	1395
257	451
1756	2296
536	1442
585	620
16	853
1227	1734
131	252
254	1081
304	401
801	1270
409	2597
576	1181
1396	1984
1046	1047
559	1104
1018	1193
13	14
294	295
715	718
1623	2160
331	332
227	572
775	2639
361	649
552	633
968	1060
344	699
206	414
1241	1278
955	1149
25	1794
514	948
441	764
1035	1119
2031	2082
371	655
1455	2164
1198	1206
365	1001
279	765
100	729
852	1949
492	846
1452	1857
481	585
1315	1317
510	511
208	712
1535	1690
195	196
204	1870
2151	2422
410	852
2411	2430
163	608
820	2068
1122	2609
21	25
630	838
1418	2379
102	106
1426	1822
1711	2197
1837	2113
964	2403
1154	1604
183	1993
416	2363
1232	1669
620	1119
763	1577
389	1134
1183	1251
1113	1121
751	1173
558	1302
120	625
1130	1465
545	715
47	49
349	552
782	1887
1184	1402
1138	1144
1744	2150
1010	1673
1125	1281
120	126
1252	1704
1121	1320
1199	1204
585	1046
201	1193
563	2609
283	284
39	955
119	872
265	2384
223	364
962	965
1467	2060
2177	2515
1624	2498
1061	1065
2386	2647
687	823
499	1706
104	132
1966	2520
750	1674
722	1047
918	1541
400	2655
229	2189
1146	2601
1058	2436
249	261
163	164
376	611
20	25
418	1265
8	1687
167	1237
1747	2483
1350	2033
568	1943
926	2586
347	1001
409	440
917	1491
1280	2278
224	286
740	1134
1166	1169
686	1146
37	837
733	2432
365	525
1421	1733
161	1261
651	920
1766	2265
207	1327
89	1134
787	899
2242	2517
149	1237
528	1894
831	832
52	1164
888	1058
108	1329
9	1067
1413	1809
551	1312
1316	1321
166	504
1626	2599
435	1534
768	1186
149	777
1658	1919
1048	1058
653	655
273	1114
407	1908
331	979
89	795
1288	1351
1122	2117
681	1740
246	1164
1959	2304
292	521
110	1317
363	757
168	2140
766	885
204	205
1089	2309
197	371
23	386
481	1585
220	873
348	349
1204	1206
224	228
1390	1837
301	924
750	1287
388	1152
1152	2026
477	1474
1360	1875
112	1206
133	1170
744	846
458	663
1399	2608
953	1053
945	2191
337	598
251	254
150	350
1030	1880
922	923
1049	1162
308	310
698	701
2048	2659
68	392
1171	2462
277	1494
129	493
603	1136
1027	1591
224	227
275	466
738	739
1947	2384
1978	2654
433	664
107	349
1444	1689
608	1197
372	1196
740	795
1435	2575
102	691
882	1770
526	948
889	1049
447	1243
1289	1292
526	771
200	1275
107	552
1190	1327
1567	1596
373	375
360	362
1699	2047
88	962
1296	1602
757	1145
627	1209
276	1494
1044	2529
729	1080
970	1278
597	1269
760	1281
1056	1057
229	1036
19	884
914	915
627	1117
239	476
71	1317
673	1281
402	403
1381	2241
1055	1168
161	749
986	1178
251	262
285	372
831	833
2213	2478
92	96
36	417
640	1305
38	565
395	633
253	625
319	762
1404	1665
221	1170
273	1651
252	276
439	1059
453	1049
1814	2088
795	796
425	453
778	1023
150	1173
905	1156
863	2281
822	1093
1043	1288
773	1548
2	5
163	868
434	470
1902	1917
242	1112
537	1442
114	2034
434	663
248	1297
261	1143
493	781
604	869
186	631
965	2403
386	2437
210	434
147	1326
107	2462
276	1197
281	1022
324	751
1337	2480
234	1151
779	2136
1200	1203
559	566
34	102
550	608
1074	1591
1920	2205
26	281
277	1592
794	797
194	360
113	1321
34	966
218	219
1224	2562
866	963
1867	2424
1317	1320
1233	1669
810	897
340	1982
969	1172
218	222
317	795
1048	1067
613	657
527	1834
819	1211
1031	1876
344	1270
387	388
968	1171
1176	1320
333	453
987	1264
834	1664
236	389
180	673
158	611
108	2049
945	1764
553	1172
567	1190
89	236
551	1055
253	1043
161	1265
15	1247
47	51
577	1343
1514	2231
183	2489
2154	2646
443	722
971	1120
398	663
1219	1222
698	724
1135	1144
714	1053
305	1259
873	1199
285	516
1188	1189
133	135
382	913
1194	1270
189	754
103	624
442	668
174	2014
1933	2278
910	1261
322	1672
670	672
132	551
371	1966
1265	1295
1916	2319
257	1035
1748	2303
793	797
328	330
235	759
233	2486
329	440
685	1248
526	567
851	980
164	180
360	868
256	654
862	1145
640	888
652	655
792	960
904	1939
146	1266
258	261
2135	2473
217	721
232	444
22	2637
861	2281
434	694
396	604
1085	2074
1035	1038
72	613
703	871
131	920
884	1263
324	2590
322	889
493	847
1140	1171
945	1199
1246	2342
713	1287
416	1241
51	1997
376	853
278	1171
1161	2377
1035	1585
110	2208
273	1136
673	1194
1053	1278
1219	1230
55	1185
1217	2597
1193	1573
1430	1948
1665	2401
337	2642
1001	1319
1052	1053
415	721
404	711
1348	2221
609	1171
55	439
347	1205
625	2034
818	1453
271	1265
442	2049
1165	1782
626	1313
757	1150
521	522
1195	1198
980	1210
451	1035
544	2420
751	1453
341	2472
816	1277
2343	2466
499	1980
241	616
195	625
466	1036
65	1398
175	176
810	858
818	1062
1044	1850
623	1562
550	2216
8	998
32	158
1665	2542
200	1004
1197	1198
2113	2400
1720	2618
459	474
1265	1733
714	1062
395	584
120	1351
208	279
107	1140
34	449
1539	1743
880	1185
519	1061
847	1150
424	1171
1168	1175
236	760
217	1287
990	1807
361	363
228	1177
420	663
586	612
1167	1174
300	303
439	468
63	282
224	818
420	950
467	1206
767	1600
248	2003
1097	1211
130	623
1062	1064
740	1075
162	1275
193	721
1196	1198
1576	2597
1027	2618
722	1453
118	320
1387	1969
418	1031
290	2532
1151	2414
687	2149
847	1149
286	818
9	2461
180	454
2136	2474
241	341
238	592
167	817
976	1225
771	1163
1874	2160
120	132
554	1048
216	227
1425	2414
880	1040
746	1205
176	564
98	99
638	1905
394	1137
1115	2017
595	1224
2435	2499
256	262
332	424
84	1656
346	761
320	422
1061	1063
347	1049
199	214
1617	2490
1081	1457
263	1207
332	764
1144	1721
322	1120
12	791
644	1062
348	936
154	1839
409	1312
1578	1949
160	1396
612	1293
291	301
149	1105
1587	2457
310	508
1272	1867
175	562
1083	2602
88	865
163	1167
170	1720
744	1085
476	2065
1036	1149
191	2382
236	866
126	839
1044	1047
1070	1079
103	666
1375	1841
451	1249
1071	2609
104	253
469	1241
1380	1843
254	256
475	478
609	980
966	1052
424	1201
1382	2581
661	819
565	1275
416	1453
277	643
145	1548
245	1557
1173	1782
585	1202
609	628
1736	2475
668	744
493	1149
137	467
677	1592
256	260
1924	2107
1579	2446
1311	1320
584	851
481	969
444	554
1699	2316
459	864
1045	1292
1583	1831
824	831
1392	1512
597	793
1315	1320
35	256
1317	1321
437	1103
287	1303
158	635
575	1948
1076	1078
1310	1315
343	640
292	302
20	792
591	1282
537	1547
198	203
397	971
273	450
362	869
1014	1305
566	2609
678	2041
820	1007
1924	2653
441	633
1379	2515
860	1261
666	669
554	819
534	1190
2023	2563
715	1164
264	265
1382	1415
505	570
1209	1314
109	987
115	1044
86	596
667	668
165	353
641	1284
425	612
421	1310
652	1055
272	2131
948	1224
61	539
1143	1162
1203	1278
666	668
553	1585
1732	2350
318	1154
26	847
781	1149
569	869
68	1004
369	754
275	570
329	1198
552	609
633	635
321	968
17	555
348	516
258	1513
1047	1049
885	1135
874	2305
261	1949
1263	1394
576	648
137	810
525	1205
883	1022
632	1277
392	1003
1187	1436
469	1278
1210	1289
463	864
223	1085
286	970
1499	2648
158	1275
641	2317
717	718
1510	2048
468	713
258	1241
1201	1501
818	937
197	274
630	1175
139	1128
864	1129
19	723
1854	2412
741	1154
217	449
440	1979
1197	1201
1149	1150
608	1274
392	1921
38	68
1152	1736
1109	1120
660	1046
958	2507
1102	1233
256	261
365	838
26	854
215	638
1063	1236
660	1061
555	1232
73	1764
481	655
793	961
528	529
235	238
304	1106
944	2359
371	620
9	1004
136	322
223	362
262	467
1179	2453
1030	1031
468	1040
298	569
374	585
383	402
740	866
311	1230
1592	2065
880	1652
851	1210
64	662
1009	1673
35	37
271	595
920	1311
792	1268
715	717
140	801
1163	1265
108	481
233	442
448	1309
1066	1099
1848	2127
593	605
1506	2029
860	1265
239	434
71	2053
104	1115
838	1049
510	1231
323	1240
1045	1315
687	1613
374	375
259	1174
1056	1315
251	253
1041	1310
283	911
1554	2451
1502	1979
613	863
199	279
332	349
2380	2401
934	1946
186	467
150	375
169	463
654	1045
476	892
660	744
1491	2360
194	252
1785	2530
1149	1648
232	611
458	498
493	1298
2149	2637
1881	2568
132	1198
180	280
1083	2661
501	2020
261	365
884	1287
81	1656
953	1062
670	671
232	853
171	378
433	777
1558	2038
207	749
256	1118
960	1151
127	1338
226	586
1844	1974
572	1459
442	519
979	2402
1058	1250
1263	1264
658	2657
750	1240
1319	1321
169	1080
103	105
1825	2331
321	764
123	980
584	585
186	657
1195	1197
425	889
382	498
463	587
261	1162
568	872
1315	1318
952	1751
695	867
343	2612
457	1552
87	589
374	1316
1694	2237
986	1185
97	1639
387	2447
567	948
1033	1084
1172	1173
1625	2435
872	1328
128	1008
210	382
190	920
615	2406
516	1166
584	2462
633	634
610	869
217	220
17	336
443	937
1764	2528
526	1031
125	347
34	193
560	1775
1683	1800
563	1301
553	620
1093	1097
791	1163
1063	1318
1227	1630
1970	2523
516	522
110	1142
1165	1176
167	1129
150	224
124	225
253	1312
135	441
162	853
780	892
2240	2516
386	454
274	1141
482	1327
402	728
104	394
572	1721
695	2547
1190	1684
783	1308
27	2106
186	858
398	472
656	1319
347	397
525	838
1965	2086
687	729
641	1862
321	1210
594	2337
63	2593
194	450
723	952
84	801
644	1180
1962	2423
1561	2422
633	843
610	1503
442	1046
347	1162
1376	1633
455	860
471	868
328	329
51	2000
463	729
463	1080
409	571
955	1145
334	1448
1489	2028
373	1289
2165	2633
324	634
84	866
68	819
1358	1575
225	226
106	109
1031	1265
400	1444
639	1099
112	192
796	1282
337	389
373	1171
347	2468
114	1351
1460	1991
161	207
215	947
1426	2565
2471	2507
198	1173
881	1447
1889	2573
9	32
465	1055
480	559
761	796
1204	2298
964	965
1703	2320
72	262
1045	2529
278	279
1084	1558
285	286
550	554
32	33
633	1289
35	123
239	470
1920	2263
1073	1161
413	696
519	655
1000	1001
1599	1982
141	181
27	2335
34	1287
1073	1591
505	1149
19	1240
1429	2394
699	795
818	1203
57	734
285	348
611	612
805	1667
281	847
120	465
816	1052
55	348
1057	1316
125	126
273	920
947	1161
57	773
819	1300
12	1261
38	1300
539	1068
448	451
889	1290
1052	1178
585	1141
1672	2487
130	320
328	868
409	1115
630	2546
969	2049
106	1116
69	2034
275	2131
952	1196
214	809
766	1165
191	1314
136	453
200	201
356	531
1211	1250
1030	1295
1611	2483
130	136
660	1329
474	864
236	1281
327	885
537	1753
162	611
1465	1838
625	1168
413	428
887	1313
233	1202
19	193
1091	1092
925	926
192	1121
35	633
1067	1211
103	113
1446	2641
328	711
527	530
867	913
199	754
471	1274
1052	1059
1590	2549
561	1775
116	552
593	2474
1465	1999
232	1003
862	2013
1216	1916
278	628
1362	2518
12	1224
451	1046
248	2542
1298	1568
379	2479
374	620
1024	1026
120	122
249	885
140	795
1107	1304
80	2049
1180	1241
193	197
249	1195
705	913
514	534
660	1172
788	2539
1453	2594
107	110
1245	2083
843	980
757	955
584	1292
599	600
298	492
1134	1153
906	907
310	1668
624	631
343	1211
196	321
258	1278
257	259
1452	1907
180	236
1528	2054
1290	1554
519	1119
1566	1611
1003	1083
200	1097
385	635
726	1496
394	1312
1288	1290
609	1201
147	2122
633	1060
451	2049
1199	2298
744	1202
274	362
624	628
1409	2275
1627	1732
963	1538
645	1232
657	858
739	742
1174	1177
978	2402
194	1136
1801	1820
344	866
55	750
459	659
286	1264
493	1236
587	687
818	1047
1501	2493
1431	2569
1093	1095
148	372
195	1115
660	1057
822	2533
838	1949
845	1811
100	934
364	365
836	871
12	2371
1848	2356
1578	2292
104	1312
843	1315
236	1147
125	612
48	50
777	1105
8	1441
1620	2157
1915	2195
110	259
107	256
976	2200
1114	1136
674	1715
258	1053
1810	2555
134	1209
1220	1774
572	657
14	2197
333	1162
372	723
114	1043
394	807
722	1173
108	109
1261	1265
1007	1157
550	614
167	729
277	287
347	1293
347	1949
1802	2545
224	937
271	455
472	663
16	635
162	565
193	199
407	820
1124	2471
125	1001
362	655
346	1271
1306	2571
948	1265
1178	1180
374	376
40	836
438	1106
2581	2623
514	595
1773	2397
722	937
285	439
1001	1290
476	663
1181	1854
233	396
1190	2032
23	84
197	205
1937	2344
1017	1301
2588	2610
2372	2493
116	1056
668	1316
420	941
600	762
109	921
1405	2004
471	844
2558	2578
515	534
580	1445
229	429
163	1197
164	1147
744	2049
365	656
222	1056
347	2194
108	233
986	1287
848	1041
695	2007
300	496
625	2546
35	552
249	422
640	1004
187	382
34	952
50	2340
625	1043
336	2241
293	361
323	516
140	1194
1819	2013
1176	1721
163	1274
1241	2236
1146	1764
743	753
1283	2550
595	771
262	839
467	1176
102	348
1493	2364
68	554
363	847
799	2453
1241	1453
23	801
193	713
864	1763
89	673
1229	1734
388	1895
1201	1204
544	1800
855	856
960	1279
261	838