1384	2392
120	625
1232	1242
443	953
420	906
1693	2239
433	674
233	492
738	793
2212	2402
249	650
16	1048
286	937
1432	2537
209	1255
482	1265
1046	2129
841	1538
1043	1046
374	1119
1046	1141
130	137
199	1323
1181	2521
254	287
434	780
413	1525
854	883
148	348
397	1120
370	1007
1591	2179
808	809
1756	2500
643	1663
217	936
777	2126
298	553
119	273
2196	2384
68	162
136	889
1905	1955
21	23
104	857
854	1298
214	621
1537	2316
1496	2303
738	740
136	322
111	410
72	334
937	2647
103	110
180	1134
209	283
750	1240
1297	2053
332	1763
851	852
906	941
757	862
586	1175
298	1085
241	594
699	700
520	921
420	950
226	425
1510	2574
100	674
463	988
649	1257
197	553
235	738
198	202
639	640
287	808
223	228
1502	1565
114	1043
495	1399
332	654
135	349
12	791
1162	1293
1851	2130
790	1663
865	1133
118	121
1330	1599
257	869
465	857
875	877
1466	1643
1452	1853
154	1592
904	972
16	1003
392	2237
387	389
333	1290
651	656
484	2227
705	892
669	2630
386	1147
89	1134
125	1290
1977	2512
224	1278
16	635
2046	2068
1764	1981
1058	1305
169	1093
55	691
843	1292
237	1954
906	2252
612	1205
1402	2131
607	1366
556	638
224	2647
1828	2157
1817	1874
599	1154
119	163
1859	2251
233	1057
192	227
1192	1194
493	1318
1113	1114
2562	2610
190	218
2269	2487
198	634
620	655
759	1280
415	884
1895	2250
564	1026
37	947
90	318
69	104
1247	1250
840	2636
374	1085
261	397
350	1927
516	986
1395	2172
229	1298
606	1980
778	779
1921	2605
636	659
257	492
32	1275
1690	2643
374	668
429	1236
797	2426
671	2573
317	386
150	258
318	1154
550	603
275	1145
753	1650
446	1376
220	2101
32	1067
634	1264
1946	2415
2	3
317	866
1920	2607
252	255
826	2588
161	1261
1067	1083
817	1129
1080	1082
1339	2092
407	820
1462	2205
1259	2018
179	639
936	937
825	925
390	599
250	415
194	204
2488	2650
1516	2219
525	1293
2297	2563
158	565
225	259
282	1306
723	884
104	1168
788	1665
18	701
104	1043
257	371
1026	1027
624	626
277	1605
147	1326
737	960
108	481
1122	1890
152	433
550	666
2128	2447
339	2465
169	823
333	2246
439	816
274	371
183	184
122	124
217	222
1681	2038
744	1035
444	661
122	627
152	153
81	1072
392	565
961	1152
440	1043
403	2219
152	864
161	771
374	744
1310	1314
674	729
2395	2576
2201	2226
252	1197
440	857
452	819
373	1060
492	1057
807	1288
2037	2084
443	722
229	955
743	747
132	409
760	761
134	1117
569	620
1059	1063
1054	1328
705	728
1655	2032
222	633
2534	2586
508	513
352	975
107	1140
67	1061
1010	1011
1314	1316
186	863
391	1155
628	1292
162	819
600	762
2304	2560
518	924
610	869
55	816
242	749
463	1237
237	346
1138	1141
1163	1265
1679	1709
463	2654
23	760
29	30
713	1990
657	1206
328	404
769	2142
541	1450
611	1048
241	616
2419	2461
2129	2370
751	987
2581	2597
104	625
798	800
1111	2640
1753	2434
258	644
977	2081
207	534
1371	1982
602	1991
1032	1753
298	364
525	1186
173	1007
163	328
161	749
102	723
412	1722
131	614
852	1319
1877	2069
158	376
554	1275
1281	1283
1618	2084
2211	2369
80	1122
348	723
516	1263
1393	1665
722	987
203	2475
255	330
138	1023
196	395
990	2625
119	125
1309	1317
858	1206
440	443
193	195
277	1199
387	1279
1141	1143
164	1270
323	415
1042	1136
42	2505
1101	1474
1166	1287
1033	1084
207	749
23	1281
2012	2562
364	620
632	880
2177	2534
712	1846
638	799
1939	1983
1489	2209
132	1168
348	721
1095	1097
95	97
318	796
695	867
1183	1215
568	1311
676	2582
293	763
35	843
515	860
320	766
466	505
1216	1528
1917	2323
691	1277
16	32
179	1651
852	2592
486	2469
129	570
449	1287
408	570
1401	1635
1099	2521
252	404
280	344
443	1053
250	986
356	357
264	267
224	469
495	496
372	1166
586	1143
398	695
1045	1201
1026	2401
1130	1132
661	1250
847	1036
87	1711
611	1305
443	1264
234	1151
1311	1315
834	2381
555	2521
396	1172
239	906
132	1043
1040	1166
422	1389
344	598
885	2206
171	662
91	319
921	1996
1171	1172
441	851
293	1257
1075	1153
879	1146
2208	2342
675	1681
337	1194
256	1289
315	319
241	2018
632	816
68	565
842	1792
612	889
1286	1867
393	395
1317	1318
824	827
93	99
180	598
120	465
764	1171
63	1306
78	1331
657	1144
1105	1237
227	2101
816	1277
17	645
1435	1529
608	1054
1723	2121
1274	1276
652	1333
1383	2165
71	225
869	1380
1511	2301
208	1837
398	420
1204	1485
640	1014
548	802
921	970
519	521
932	933
386	963
121	330
587	659
470	913
185	2050
713	1277
148	415
525	1205
1165	1171
257	846
271	1637
150	751
198	350
552	1118
625	1137
16	1512
2129	2175
404	550
966	967
1176	1206
888	1305
945	1081
1199	1894
300	496
2051	2074
721	1277
217	713
223	1202
686	1086
288	729
986	1263
104	1288
1745	2462
321	609
595	1190
1367	1393
56	469
694	913
1826	1971
453	1049
274	1119
140	141
713	952
158	1014
277	1081
1061	1064
403	1881
451	1202
198	205
1060	2148
730	1271
1114	1121
505	1318
324	1264
392	661
160	2504
598	2377
111	322
103	273
1832	2523
233	620
195	196
631	657
1182	1297
442	481
661	1097
662	708
226	1293
150	1432
651	654
360	533
2492	2531
236	598
660	1329
608	844
459	1237
1359	2113
35	1289
242	271
1772	2528
443	1062
625	1168
589	591
751	1462
1560	2357
1279	1283
417	621
217	323
1671	2213
590	1147
210	470
1923	2583
975	976
81	83
192	631
632	952
598	1368
164	801
1300	1739
554	1058
610	1035
1922	2559
644	1264
484	2261
727	1323
1859	2380
1071	1079
132	551
258	714
362	846
503	2022
739	1133
428	785
1352	1399
1500	1587
1499	1853
979	1117
238	762
1236	1318
1285	2433
1182	2001
787	1665
1721	2120
337	339
1712	2456
373	1210
1163	1295
391	965
592	1283
487	488
712	1436
1006	1921
2130	2336
1085	1249
489	1527
253	440
611	635
1840	2297
472	2250
714	1047
531	972
398	472
164	386
342	910
520	2608
1862	1887
1573	2314
102	1277
415	1196
281	1036
666	844
199	202
425	1186
19	1418
250	1166
1298	1318
820	1033
609	980
179	724
270	922
289	977
166	1323
626	630
1937	2242
1186	2592
1514	2243
1138	1140
158	1211
384	915
132	134
685	1248
448	453
223	1057
1066	1232
1224	1295
422	1135
450	533
1072	1079
355	357
425	838
167	1105
219	223
416	1062
454	795
125	971
1143	1144
1097	1250
691	1178
424	667
391	1272
963	1194
463	822
611	1058
1081	1663
356	972
519	1249
438	580
705	867
1408	2022
640	1461
425	768
216	393
216	1291
1195	1197
1047	2647
372	376
1430	1765
140	1194
739	742
1309	1310
559	561
89	1075
1362	2091
1111	2419
1075	2394
743	753
1079	2394
524	1409
484	489
690	1213
89	344
608	1114
1072	1073
1488	1690
889	1109
200	204
222	373
533	614
935	1783
1062	1535
955	1036
445	446
690	1353
190	276
599	1271
1946	1993
193	1052
292	926
605	896
2566	2591
1151	1826
116	321
228	263
570	1036
149	288
313	521
107	373
55	250
449	2151
659	729
551	1055
104	132
2172	2202
1882	2604
617	778
1114	1274
1537	1592
150	443
1190	1261
526	910
255	2549
970	1062
126	810
1214	2617
315	318
1216	1478
969	1046
1583	2126
376	1067
1038	2235
636	823
1311	1357
83	2366
442	660
365	2592
862	883
241	1558
463	2241
295	297
505	854
547	2571
856	1082
610	1329
59	142
148	986
194	218
425	1319
317	795
275	1022
656	768
364	396
16	1211
69	120
259	1174
318	964
273	1054
262	1206
626	629
672	673
111	525
167	560
495	2008
108	846
23	164
190	191
393	1775
308	311
1071	2066
450	614
821	2028
455	1163
1593	2294
285	372
533	603
1105	1755
854	1063
441	764
223	362
865	2481
140	164
241	305
48	2535
242	1295
2323	2660
422	1165
568	614
388	589
469	970
236	1125
218	220
1401	2161
762	1155
61	354
846	1329
109	714
362	442
2507	2541
1034	1038
321	633
1997	1999
1047	2608
84	140
723	1677
721	1196
1320	1357
2212	2345
1194	2642
420	458
166	2286
217	1052
449	632
1310	1321
568	1654
365	1143
442	1035
2095	2169
743	767
1179	1248
16	554
322	656
336	337
1265	2017
434	1631
9	385
448	449
398	476
1431	2506
622	780
865	2134
655	846
2052	2077
780	1578
220	1303
327	2246
449	952
483	1965
239	694
751	1203
2176	2198
534	1163
12	1295
565	611
514	791
515	1190
1377	1733
474	1129
753	767
56	520
642	1446
618	1824
1576	2539
114	857
608	1197
89	1125
587	864
1173	1203
269	1386
2134	2150
839	1176
336	1242
648	1232
429	781
1790	2235
257	260
1149	1150
991	2119
337	454
23	1134
1817	1967
636	1237
827	902
1112	1295
286	416
953	1062
450	471
712	802
410	630
100	817
249	623
590	699
740	2444
587	687
24	318
452	1083
1003	1083
11	1537
481	1141
2	6
226	2592
1610	1757
587	1093
819	1058
942	944
793	797
427	2254
87	235
759	762
643	1199
185	857
812	2253
504	765
968	2314
1499	2287
333	347
1284	1285
474	476
585	668
76	1364
185	1168
327	1763
569	869
38	68
121	122
208	548
164	344
55	217
242	514
494	1154
1003	1067
347	656
750	1196
568	570
1064	1275
1022	1453
127	149
71	1666
113	1207
2168	2196
257	668
471	624
498	906
2080	2478
739	1860
635	1211
1047	1173
1866	2605
2173	2332
229	854
217	224
105	254
206	2071
373	2314
333	453
1138	1170
1378	2116
1557	2116
208	1528
731	1506
109	1535
372	468
552	1171
1391	2194
565	819
571	2111
29	2104
787	1024
791	860
2123	2137
442	1119
1089	1817
912	2487
187	1506
56	224
133	1200
892	1667
210	1933
192	810
816	1059
219	861
1043	1168
1979	2004
100	823
1067	1655
1185	1196
1398	2560
350	1627
281	847
298	442
1049	2129
235	1954
344	1153
515	534
415	713
750	1178
69	1055
1344	1905
261	322
424	968
162	1250
1049	1205
388	1269
584	628
256	2314
862	1318
1762	1913
106	107
1902	1952
1477	2167
252	259
64	662
962	2162
223	226
656	1290
1295	2075
2214	2502
102	323
1202	1249
367	368
376	377
200	1064
194	201
638	856
582	1775
117	669
313	1912
1895	2082
344	389
765	1330
24	730
2383	2461
2252	2637
39	757
2088	2234
108	1141
1524	2524
721	1059
301	302
599	796
423	425
449	451
1780	2613
218	360
465	1137
67	492
1099	1102
279	754
621	809
1125	1890
162	1615
1906	2625
607	1238
852	1049
443	1535
298	869
371	519
249	885
1089	1091
1464	2214
623	627
587	823
26	1298
149	459
628	1210
666	1197
1672	2215
221	1200
735	736
106	1200
254	259
442	1046
1083	1275
1286	2064
112	839
2144	2578
87	388
1559	2093
186	2589
1040	1041
439	1196
453	1293
396	1046
198	2608
286	818
830	832
876	1294
850	1719
439	750
1539	2324
30	2566
462	2492
163	276
324	375
226	1001
1142	1369
1812	1843
761	762
729	2612
362	396
287	1081
819	853
598	673
394	1043
816	1287
235	1924
320	710
1407	1821
1268	1271
127	288
12	1030
665	775
667	1289
1121	1206
362	481
960	965
731	1023
992	994
1791	2173
811	2253
1333	2416
217	223
1025	1539
631	863
539	2076
1211	1275
567	1190
473	848
451	492
193	880
987	1535
143	593
504	809
1731	2057
334	859
554	640
633	2314
148	1040
1834	2658
276	1136
35	36
1551	1958
920	1328
705	950
712	2328
533	1654
121	1170
568	868
1370	1648
375	1062
480	2467
1055	1115
554	1300
448	451
368	855
271	1370
161	342
1471	1515
795	801
236	795
90	1711
171	1659
622	941
147	1606
138	2547
37	1096
1064	2396
1056	1210
552	968
1648	1701
1162	2542
17	648
318	390
239	498
102	952
590	1270
283	1255
196	667
1181	1232
663	772
566	2403
550	551
671	1192
852	889
226	1186
180	1125
1325	1580
824	898
1140	1292
193	204
348	1263
1745	2485
624	625
226	397
347	1162
398	728
408	466
854	1126
390	591
1996	2285
265	268
136	1120
376	1064
1918	2250
1494	2576
107	1171
792	1151
192	657
217	2101
1043	1047
583	1494
185	2589
964	2162
1100	1474
361	362
623	1291
109	1264
24	1154
162	1003
943	1412
404	614
208	369
653	2416
823	1105
309	310
2227	2523
194	666
440	1198
505	570
214	1107
580	1258
987	2608
663	950
2082	2581
779	1493
471	1274
1074	1497
1026	1539
632	1263
114	1288
152	659
140	2123
1879	1913
1547	2302
582	584
1719	2263
249	261
255	1116
829	833
125	838
317	740
273	1197
321	1056
656	1109
393	710
198	258
947	2155
214	1323
23	598
55	632
959	1947
131	135
1154	1826
828	830
2164	2519
592	1155
1858	2443
609	1201
1264	2608
323	1166
983	2615
474	988
127	2094
568	1114
31	2104
275	281
136	746
1641	2599
463	817
910	1261
750	1059
560	562
1040	1042
149	687
1265	1295
707	784
13	2221
1041	2370
472	913
127	1093
331	1351
114	115
452	1097
583	1020
35	1201
187	941
573	1445
1259	1262
1084	2058
1042	1047
197	869
2079	2633
277	873
905	2056
550	1114
657	863
519	1329
131	868
449	450
1428	2380
519	1141
613	631
281	955
1759	2656
541	1443
318	1282
1678	1928
8	2623
965	1283
980	1210
688	689
672	2068
2289	2485
628	851
87	961
546	993
161	455
1336	1361
250	259
131	132
73	1103
576	578
273	276
248	1795
1048	1083
428	696
2254	2512
378	662
1046	1047
2279	2334
898	1453
199	621
360	1274
621	802
349	1292
38	392
23	25
421	1310
901	1072
941	942
482	1112
398	772
455	2578
376	611
2099	2439
1517	2438
322	525
153	2585
169	1080
969	970
921	1173
142	143
209	210
1100	2005
1166	1185
369	727
67	1046
269	1648
727	842
1116	1117
343	376
275	862
555	1242
397	453
139	1128
471	568
163	844
169	636
252	276
60	1074
59	1084
34	250
1697	2241
1055	1057
16	853
1221	1222
64	378
262	657
757	1149
88	739
370	1020
8	998
109	644
292	1019
987	1278
235	759
760	1699
96	97
388	759
337	598
605	879
38	1048
738	2444
362	371
363	854
299	2064
614	1197
1664	1934
1076	2066
190	711
1171	1292
663	694
1272	1283
89	1100
523	1165
565	566
741	2602
781	1298
1269	1407
955	957
703	706
371	451
1140	1315
1481	1839
840	1266
193	205
630	1205
218	223
376	819
129	854
131	920
988	2088
250	439
1317	1321
591	741
110	259
158	232
489	491
1398	2100
672	1491
492	620
1071	1074
20	25
662	2625
188	2407
421	473
451	553
433	587
324	416
372	691
358	605
207	1541
1646	2377
2046	2238
1290	1319
1367	1937
103	624
261	525
480	481
1803	2558
210	941
169	934
687	1080
91	391
2421	2620
169	587
553	585
19	1240
138	778
664	2114
1023	1024
476	477
68	1014
257	655
197	604
395	441
612	852
669	1204
885	887
222	1060
598	866
1617	2370
740	1125
559	566
818	1683
23	317
67	519
141	2137
256	552
981	1473
1943	1986
283	647
654	2314
1460	1723
1198	1204
677	1081
1035	1202
365	746
1135	1142
348	884
673	2646
222	851
1310	1319
672	2573
1870	2565
2084	2150
404	1654
347	630
1377	1395
240	756
178	671
449	966
567	595
465	1198
415	691
167	817
660	744
443	714
442	519
1195	1202
459	817
873	1581
533	568
118	1135
1114	1116
465	466
1365	2096
468	1277
1236	1298
526	1224
476	892
1017	1965
449	1404
248	1256
449	1040
19	2511
898	902
9	376
888	1003
158	444
1314	1318
1840	2501
603	624
810	863
714	1053
606	2516
826	2628
519	1172
329	807
102	966
315	961
823	864
1137	1140
374	604
1354	1424
199	2286
1920	2582
102	986
2208	2548
569	585
947	1096
348	372
702	1343
383	2173
671	2646
1468	2117
1338	2403
95	2261
324	1053
285	632
1249	1329
72	858
1573	2264
502	1475
392	1058
253	861
195	1636
1370	2163
229	1150
1007	1769
94	96
424	609
382	694
634	1062
527	529
688	982
1633	1883
1014	1067
828	1213
514	860
466	757
1390	1426
1074	1079
324	469
1209	1212
1226	2504
334	1351
228	1321
470	728
1180	1181
553	554
186	227
816	1683
741	1154
796	964
988	1237
804	899
1965	2519
703	704
681	2317
396	744
1418	2316
620	1619
1592	1630
157	2149
1048	1097
162	232
666	1328
737	758
1289	2601
280	1100
485	488
1088	1090
1036	1038
660	1085
731	824
966	1240
1551	1583
860	1190
1466	2051
427	2512
2209	2618
347	525
197	1119
1195	1196
86	758
416	937
655	1202
1115	1118
129	1236
273	1654
1087	1661
977	997
358	2319
713	2533
334	1320
1263	1628
663	892
1540	1686
418	1031
108	620
585	660
250	516
216	327
123	1292
529	1588
288	1660
698	1099
53	546
1470	2185
1773	2462
922	926
232	343
737	1151
415	966
231	1530
1480	2037
179	1066
471	1197
854	1149
514	1112
666	667
344	673
788	789
149	777
1101	1454
26	493
40	41
38	1305
1063	1298
560	1093
983	985
1547	1575
970	1173
722	751
1142	1317
34	936
1038	2584
569	610
759	760
159	813
161	526
2046	2646
534	771
469	1688
729	864
661	2286
801	1194
1027	1253
628	631
1649	2356
1520	2267
119	1448
516	1178
1049	1290
1558	1582
574	1160
214	1528
502	2022
21	597
1478	1676
796	1282
823	829
619	712
810	859
392	452
1422	2517
1332	2037
110	225
232	819
1059	1185
1570	2568
1046	1057
1782	2521
1060	1063
526	1163
90	237
691	1263
910	1112
1562	1981
108	585
306	2306
1372	2100
1567	2102
523	525
1372	2447
211	2117
706	1343
610	620
884	1166
1752	2468
108	113
1401	1981
401	1106
575	1257
664	1129
145	773
119	920
1674	2406
275	493
864	2004
607	1835
666	1311
335	2344
585	1329
430	804
112	613
437	1086
109	970
119	1328
796	1493
123	1201
258	350
349	1171
374	655
669	1142
371	1035
226	1290
966	1185
294	2195
1489	2044
178	1192
1112	2640
1193	2366
695	906
1447	2543
569	1329
657	810
667	851
1077	1079
1596	1947
953	1278
548	1323
969	1249
1109	1175
1449	1499
441	1118
209	836
1704	1856
217	880
792	2426
2180	2216
9	1014
950	2189
161	860
1491	1521
480	1730
737	1268
1371	1965
1007	1033
879	896
107	395
936	1196
304	580
105	106
587	729
921	953
691	1240
448	582
224	714
1613	2332
1226	1227
2025	2236
77	2264
558	1709
1063	1145
9	1275
1020	1157
1140	1210
857	1636
142	1007
988	1519
621	1330
106	330
820	1007
139	2547
2137	2621
2445	2500
68	1211
1864	2650
80	81
449	721
371	1316
224	1173
1792	2476
800	1652
716	875
587	636
167	864
93	904
298	610
777	988
630	768
38	1004
970	1203
787	1238
1180	2647
540	2034
1056	1289
682	683
1562	1764
577	578
2486	2553
636	988
934	1093
550	568
91	742
416	2608
9	1211
87	90
187	867
38	635
667	2472
25	965
408	1236
114	195
1205	1290
1536	2263
194	1054
468	880
412	1891
449	1263
232	554
1778	2660
67	846
131	471
179	182
226	630
216	710
980	1292
1246	2544
236	1625
372	1059
614	711
751	2647
1042	1311
450	568
520	634
507	513
121	124
914	916
515	1327
234	596
838	1186
178	697
385	888
864	1105
1486	2641
1073	1497
791	1031
536	1331
255	653
197	1061
1660	2037
1887	2334
844	1136
250	632
622	867
317	598
744	1249
408	493
622	2453
392	1250
1115	1119
1246	2039
987	1062
103	1136
287	1663
759	761
2098	2441
1239	2372
934	935
762	1699
387	391
39	1036
1921	2637
528	2271
715	718
828	829
1480	2358
644	2440
327	885
657	1333
337	386
1373	1605
482	1261
625	627
738	1920
116	1140
1047	2175
110	117
1275	1305
1085	1202
234	737
1807	2464
885	1291
239	705
852	1143
209	703
1240	1242
1206	1894
328	450
668	2630
714	2608
172	1659
867	950
1114	1328
321	2639
210	2117
1040	1049
472	780
106	887
252	256
210	695
250	251
818	1241
439	1263
137	572
1436	1846
2576	2597
666	1042
516	1196
1223	1358
1175	1176
252	651
125	226
712	1330
873	1663
452	635
908	1962
293	361
611	661
1037	2503
329	571
20	588
404	844
220	945
609	1590
546	717
990	1942
217	220
825	2427
274	1329
239	728
421	2506
2081	2413
1099	1100
584	1315
754	1323
641	1899
321	1171
1955	1956
372	884
2026	2213
617	1453
1279	1280
332	334
585	2299
281	757
856	1073
261	1293
172	1851
502	1285
345	1737
608	613
1139	1141
271	455
408	1509
429	505
856	947
222	1056
323	516
953	1535
314	316
1863	2576
1362	2555
844	868
818	1062
525	1143
395	1118
1388	1805
525	586
638	1849
2289	2311
327	623
608	1642
410	1293
724	1232
328	1328
955	1298
1506	1641
248	1182
593	605
1333	2385
777	1638
942	1412
611	612
1109	1696
730	761
769	770
233	655
359	2149
1004	1250
1152	2551
108	109
110	1317
223	846
959	1596
252	262
974	2601
1095	1096
536	975
632	633
500	956
374	375
1691	1718
358	1979
523	1113
196	1118
571	1288
1309	1321
1469	2019
1195	1894
501	2102
69	70
452	1058
760	801
198	286
612	1120
1574	1930
699	1147
295	296
1832	2578
1055	1137
507	508
69	807
151	377
418	482
455	749
199	548
1251	2251
1392	1553
158	1623
816	986
1821	2542
924	2331
1041	1045
1630	2290
450	1054
304	438
419	2080
394	551
315	316
126	262
124	1448
107	196
969	1329
807	1137
84	1815
222	628
468	986
278	1171
839	1206
623	628
750	1287
809	810
1667	2248
1621	2022
1454	2005
1171	1201
78	79
783	1308
132	440
141	2621
455	482
354	462
1234	2308
768	1162
585	1119
823	826
322	889
242	1261
1201	1203
622	663
258	1241
819	1064
223	553
851	1210
1754	2313
1165	1169
675	1875
1587	2606
817	818
1115	1117
1787	2505
699	795
1045	1047
218	1042
1752	2408
572	839
191	1044
89	1153
1530	1925
1074	1078
107	1292
328	1136
169	1105
413	447
208	809
550	1167
2187	2249
1147	1270
643	2440
603	608
395	1056
452	888
1389	1777
195	551
390	1271
880	952
565	853
1368	2338
1482	2586
256	980
329	440
659	1080
1428	1859
347	889
636	822
1356	1507
26	847
1872	2270
1963	2658
105	1303
2	2500
811	991
150	921
640	1003
729	1093
810	839
108	374
666	2472
1946	2029
382	772
1451	2067
1240	2283
1480	2414
55	1277
843	851
468	952
317	963
216	422
1541	1573
84	740
180	236
1217	1671
455	1460
314	315
473	1586
362	1046
141	2547
1065	2396
222	1210
89	337
465	1115
40	2505
262	613
435	1631
660	1061
192	897
856	1716
420	867
902	903
598	795
456	1672
786	2064
173	407
673	1134
752	754
808	1199
1925	2632
79	1580
226	586
612	1143
672	2046
422	1309
135	633
89	1147
670	967
739	1920
1065	2148
968	1210
451	620
605	1103
1173	1241
1045	2175
568	920
740	1920
990	1674
194	202
131	1328
132	807
479	1385
348	468
585	620
1411	1446
496	2008
1309	1318
889	1290
560	817
650	1113
1001	1205
520	1203
1859	1923
2191	2258
481	660
1533	2318
119	711
1831	1997
470	867
450	920
937	1203
619	1985
131	252
1954	2315
1208	1254
852	1162
250	1040
587	664
192	262
102	1287
417	754
947	2401
670	767
518	519
945	1169
195	200
374	1172
1338	1661
74	2232
1218	1934
954	1604
360	624
393	1195
693	1410
1581	2332
1147	1639
167	459
1025	1026
640	1048
216	766
3	2473
1890	1892
9	1300
55	323
281	466
1580	2519
746	1205
137	186
839	1320
347	852
1661	2013
730	1282
135	552
975	1331
260	2549
135	1118
111	1205
125	1175
429	1022
799	800
163	2568
1449	1939
2088	2210
502	503
139	1493
636	639
1094	1097
373	1289
1492	2534
1076	1668
1864	2643
158	385
1511	1548
494	964
550	1274
1116	1200
700	701
695	728
234	1924
193	449
514	1163
173	176
609	1140
852	1001
1398	1436
2178	2205
1022	1150
175	291
971	1001
34	38
1162	1186
19	449
1498	2165
124	125
2061	2089
158	1067
817	1683
52	54
1029	2117
363	1022
455	1832
451	481
401	2282
1502	1588
222	332
61	1068
949	2624
475	915
1056	1058
1418	2511
1488	2643
634	818
1609	2557
843	980
608	920
1872	2659
75	756
381	2367
1222	1958
1090	1661
259	2549
671	697
256	1060
89	795
402	906
1803	2089
422	423
401	2634
142	370
447	785
1311	1316
316	318
754	2286
210	1468
979	1209
271	342
395	1675
250	260
110	1485
742	1155
133	134
482	1030
988	2210
1027	1539
222	1201
1066	1099
717	1294
484	491
453	768
399	2242
1329	2193
723	1196
1072	2437
655	1119
425	971
250	721
364	1046
987	1180
498	694
348	1059
864	1955
635	1048
1802	2557
1085	2058
1936	2618
611	1083
920	1654
166	1304
604	1057
832	2628
1176	1177
287	945
415	1240
223	604
1107	1304
1210	2314
210	705
1211	2405
990	2406
285	952
889	1143
2155	2401
2047	2534
107	628
827	833
152	459
49	1614
316	865
960	961
328	471
1112	1327
452	1064
1672	2574
780	1636
136	333
350	1278
816	1052
2225	2289
468	1196
778	898
875	878
1304	1305
253	1636
795	1194
109	953
342	1163
151	1432
451	846
321	843
649	2268
1464	2538
454	1404
603	1136
708	709
105	873
1624	2642
1685	1898
453	852
375	1203
451	1085
280	740
392	1004
604	1061
2030	2373
1637	2163
330	334
1596	1798
1035	1085
1624	1645
1011	2404
1040	1178
69	625
1847	2289
2036	2435
488	491
229	493
2394	2411
512	2598
298	744
572	1176
2041	2250
1398	2355
1203	1204
1779	2493
622	892
781	862
2401	2433
820	2095
239	941
1054	1197
775	1310
402	867
108	1085
1741	2282
86	588
35	667
116	123
323	884
289	303
2078	2278
1252	2228
2234	2420
455	1261
111	1175
702	704
828	832
663	780
236	1100
497	1413
118	1775
1817	1849
2270	2659
575	576
1155	2551
218	568
108	492
1083	1097
550	1654
2173	2384
482	1295
637	1081
1526	1586
232	392
336	639
168	811
369	842
1001	1290
482	534
2401	2548
561	566
1805	1835
1067	2352
1113	1775
199	200
1490	2209
1511	2593
1175	2592
636	640
893	1653
1407	1409
566	1019
169	1129
1391	2349
569	1249
926	1019
883	1318
140	454
52	53
139	2137
760	1194
116	667
966	1277
344	2524
197	233
279	2286
25	391
376	392
652	1055
2204	2241
639	645
118	1309
588	737
630	838
772	1334
287	1199
884	1277
588	589
655	1172
763	882
128	2308
34	372
947	2342
621	842
663	2625
440	807
737	738
373	1045
74	573
504	619
91	1272
840	1901
701	1233
250	1240
654	655
1907	2061
1559	2489
1035	1046
739	865
449	1185
371	553
222	968
1191	1193
749	771
330	653
362	492
1003	1097
538	541
167	169
1166	1168
673	2068
382	728
342	1224
469	1173
1399	2559
225	1174
1047	2129
729	1080
628	2314
1603	1650
604	869
847	883
1036	1039
469	1338
2221	2242
453	1001
526	1295
842	2279
289	1480
2223	2434
1616	2149
1036	1298
12	1031
23	1194
1196	1287
2123	2547
2059	2587
326	911
332	552
148	468
164	590
323	1052
486	489
1307	1308
1057	1061
302	313
319	1283
64	708
751	953
2186	2219
387	1268
714	2647
1405	1819
1400	2100
1435	2153
1496	1527
533	711
480	820
129	781
799	837
180	1100
1813	2355
360	920
2157	2180
439	936
430	2484
1263	1287
359	2359
256	260
1357	2112
1239	2147
1225	1325
35	373
452	1305
68	1450
242	1030
137	334
1662	1693
533	1042
141	181
424	633
668	1172
518	562
441	552
1093	1097
374	396
102	106
925	926
339	1233
1078	2207
485	2469
225	2101
2115	2116
425	1175
470	705
1053	1535
245	1804
60	2433
134	1139
493	862
258	921
737	1279
298	585
119	603
327	393
514	2182
1049	2592
1371	1580
599	741
976	1891
897	1451
533	608
105	107
318	741
2477	2497
595	1030
631	858
516	936
606	1127
161	242
1035	2235
565	1300
131	360
108	110
547	548
939	1977
1380	2112
1052	1185
1197	1207
1035	1036
343	661
254	1663
100	664
560	664
394	1055
321	1210
448	710
861	1168
1702	1770
625	807
397	746
2262	2298
221	2101
569	1172
207	2483
817	822
1468	1933
114	409
391	742
1014	1211
1678	1975
1351	1400
1805	2559
197	660
53	717
107	764
167	659
820	1157
2573	2646
250	348
1153	1607
1048	2175
387	960
766	885
545	1164
123	256
1386	1939
917	919
898	1127
673	1194
604	744
331	627
474	729
285	286
614	1042
663	867
392	1275
210	913
301	518
261	1186
1648	1702
34	691
1228	1230
119	844
609	968
2274	2635
1310	1320
584	851
604	1046
413	601
415	632
276	1373
131	603
1813	1913
125	586
654	1210
90	2145
1761	2449
519	744
1040	2129
500	2108
665	666
363	1318
218	614
88	2010
2136	2393
394	1168
365	586
398	867
738	2602
753	1000
941	943
1198	1205
177	1024
138	731
328	1054
705	2002
1059	1061
474	479
73	879
889	1162
9	1083
714	1173
2241	2654
921	2132
523	524
679	2150
84	1194
997	2054
333	630
742	1920
2282	2634
2195	2227
15	1273
87	738
2071	2388
422	1291
1334	2480
505	862
103	194
533	868
1116	1138
831	2226
333	1109
869	1141
198	416
744	1061
1053	1241
1967	2359
343	853
53	840
478	1385
1769	1792
887	1116
761	964
250	966
1116	1313
180	1455
1070	1077
582	1135
1703	2441
602	1693
795	1869
443	444
78	352
879	951
104	109
176	564
1187	1189
0	1700
272	1831
1336	2337
364	553
396	442
639	1099
603	614
827	2427
368	369
9	1058
372	377
339	1805
468	713
704	706
108	274
598	1270
1921	2446
664	777
76	176
68	232
216	224
2342	2401
39	429
330	1200
523	623
648	1066
209	959
1314	1317
490	491
2133	2188
1166	1169
501	1267
767	923
2012	2327
84	317
216	220
912	2097
39	1126
963	1134
1414	2192
415	952
1199	1303
123	633
2444	2602
112	810
233	1202
152	729
1386	2229
997	2526
1549	2659
544	2226
398	470
1178	1180
1083	1305
1139	1140
1213	1844
289	2080
845	846
1625	2294
420	1713
841	1901
1486	2503
1189	2537
217	227
695	1801
34	36
751	1278
481	969
230	1530
34	966
1151	2296
69	394
74	76
1311	1317
198	324
262	810
820	822
517	1015
590	740
349	395
159	549
743	845
261	1120
2027	2068
253	262
398	913
2085	2322
1692	2268
523	710
533	1691
291	1016
333	1049
132	394
64	2520
125	333
1893	2039
1828	2551
610	668
867	913
2113	2316
1686	2482
665	2472
1152	1153
102	1040
963	2162
190	1311
1057	1316
515	567
365	838
577	701
475	1689
1724	2662
194	844
9	1003
1780	1838
1061	1063
1791	1865
751	1173
103	603
920	1274
100	560
1037	2235
612	1186
363	1411
1398	1813
1801	2392
644	921
199	369
1860	2602
584	667
442	451
439	1185
161	271
339	1388
55	102
1200	1313
136	1186
650	766
612	2592
220	254
257	396
2239	2563
819	1004
23	1100
1143	1162
809	1323
257	1202
196	201
278	628
250	252
608	614
200	853
372	1178
515	771
132	1288
1478	2196
237	741
580	1130
2567	2588
1475	1562
424	552
1060	1315
5	7
760	1134
167	674
1090	1871
482	910
562	563
104	1115
185	394
595	1295
256	441
1311	1314
864	988
987	1047
1007	1921
1148	1777
197	655
645	648
285	449
1137	1139
163	872
625	631
114	1115
433	1129
89	760
394	440
164	2507
694	705
1046	1316
563	565
520	937
554	1003
744	1046
97	2261
670	1000
1641	2530
986	1287
1434	2641
35	1171
443	970
459	864
635	1097
637	1303
492	1085
125	1049
637	1169
38	1211
404	450
703	1255
2166	2379
85	290
1529	2170
1105	1129
106	255
1258	1260
115	1117
592	762
654	764
887	1138
884	2609
140	180
528	1438
424	1289
650	651
866	2498
1199	1202
229	847
173	559
2547	2621
1849	1874
250	468
600	965
300	616
2208	2401
1452	1701
1597	1643
26	466
2379	2501
1187	1188
440	1115
210	458
2266	2543
551	1168
570	781
32	1058
383	695
1377	1789
236	699
1087	1092
222	980
231	1324
54	1158
1004	1058
654	980
958	1947
235	2294
696	1243
250	713
424	1292
19	1277
107	1045
810	1144
474	636
1943	2468
1203	1205
849	850
416	1180
1608	2661
271	1030
731	733
604	969
514	1327
936	1263
389	1134
850	1936
442	553
565	1211
149	1237
55	468
1034	1039
56	150
409	1137
1748	2464
850	2263
2171	2583
849	1719
120	571
818	1535
470	695
1168	1198
824	829
200	452
158	1058
252	1311
278	1201
1580	1965
257	1329
223	610
140	2621
119	218
258	263
1056	1201
1217	1218
68	444
853	1275
856	1096
1130	1258
334	467
2303	2657
122	134
100	636
109	113
1745	2289
1135	1141
1138	1139
131	136
1127	1738
872	1054
1980	2041
781	1022
1098	2005
552	851
738	2070
322	1049
68	554
38	565
1190	1295
673	1270
1210	1315
191	1117
1026	1336
1718	1901
742	965
68	635
900	1493
122	1448
1062	1064
345	1989
195	465
216	226
1006	1007
1087	1091
1394	2435
595	749
519	1057
857	1387
925	1021
299	1027
829	2588
1142	1204
2068	2573
551	652
350	751
439	440
272	2375
2037	2358
1935	1955
237	2145
857	1168
2055	2444
102	104
1151	1750
713	966
1458	2527
290	561
627	1044
771	1224
293	649
1372	2128
838	1162
499	2158
970	1264
1166	1172
241	922
162	2099
64	66
161	1327
644	2608
584	1201
1199	1204
698	699
298	374
689	1353
197	2475
659	823
960	962
1926	2614
1313	1318
166	809
179	1232
1226	1231
374	1046
519	655
497	499
1287	2601
819	1335
866	1618
133	653
181	182
137	1176
84	89
750	816
220	287
322	2639
622	705
444	1064
121	221
219	807
1886	2632
122	1209
322	630
676	1884
77	78
193	201
1302	2515
329	394
1620	2017
807	857
616	1259
194	198
114	1168
271	567
531	532
660	1035
232	1004
24	346
2029	2572
398	498
1482	1500
1191	2642
55	721
1066	1181
916	919
17	1181
505	1150
38	1058
1431	1731
274	275
95	96
1110	1258
224	375
1489	2236
109	520
190	1274
910	1030
275	847
144	246
395	609
1670	2402
446	2254
360	1054
1195	1199
1905	2625
373	1118
347	971
1608	2358
84	454
525	1319
470	694
149	664
34	1040
749	1030
128	1070
328	624
577	579
207	1295
143	1086
418	534
102	112
670	1491
623	624
410	1319
104	114
1185	1240
336	2521
609	667
758	761
1122	2479
148	721
349	424
476	1689
156	1948
1087	1871
877	878
590	592
765	1528
298	1046
1166	1177
317	673
437	605
140	1281
1704	2082
347	1175
564	565
112	192
1592	1796
305	306
321	1060
224	953
505	1298
1075	1077
327	330
822	1105
498	499
534	1190
897	2659
620	1057
610	613
598	1281
273	1274
986	1185
393	397
1168	1170
362	1316
1802	2266
250	1196
834	2230
1819	2509
2306	2496
594	2018
888	1211
1156	1811
453	1143
585	744
1356	2451
1846	2475
278	609
880	1178
116	633
843	2271
257	610
781	1063
740	1134
1449	2287
140	1153
607	1980
617	731
2040	2413
114	1137
804	1024
656	2416
624	920
169	1237
750	751
570	1063
442	1316
185	861
135	395
533	1054
747	1806
599	761
129	493
16	162
781	883
591	730
967	968
166	548
685	1179
307	309
26	1036
2413	2414
818	1335
519	1085
84	164
1582	1782
360	404
1549	1907
1066	2521
608	1274
516	520
6	7
1200	1207
1088	2058
492	604
360	550
1198	1201
1201	1894
1042	1274
620	1119
1319	1321
1185	1848
333	1162
1059	1166
510	512
1526	1563
255	1313
1965	1982
777	934
439	880
360	1136
1890	1947
470	1919
697	1098
1051	1477
1527	1786
1575	2315
1720	1776
109	722
1681	1983
2533	2567
210	402
194	200
402	1526
434	728
866	2150
196	332
1060	2314
194	360
1040	1240
173	820
628	1201
2374	2511
593	951
1695	1752
83	201
665	669
915	2097
637	808
990	1956
1292	1490
1142	1174
1262	1633
198	469
38	162
714	987
1126	1150
1604	2325
933	2454
474	823
1881	2219
897	1320
781	1126
108	668
440	1055
1920	2055
632	713
189	754
181	2255
668	1329
481	1057
372	966
408	757
23	1075
1042	2175
244	245
760	1147
2340	2645
387	1151
817	1105
686	896
553	1061
286	1173
174	2028
218	2101
1195	1207
816	1178
207	271
229	781
364	969
508	512
163	608
146	1294
1530	1886
896	1086
1018	1193
569	655
34	952
697	1123
229	275
337	1153
715	1164
373	654
373	633
242	2656
1077	1078
1089	1092
840	1012
1196	1204
218	1328
660	1202
1135	1144
754	1304
1066	2352
72	192
108	1172
1204	1545
198	375
213	2626
318	2048
1137	1142
53	1012
493	955
1081	1303
413	428
945	947
81	243
392	1300
186	1206
117	1317
55	750
222	609
445	1182
659	1237
937	987
1016	1018
746	838
1039	1790
640	1097
1115	1168
190	1136
75	240
2243	2539
1517	2249
126	334
1054	1114
453	838
525	630
250	2549
364	371
794	1869
249	255
444	1067
2450	2503
441	667
420	913
128	2085
109	324
908	1697
863	1176
1112	1163
85	895
116	1060
393	1165
158	853
454	740
135	136
782	783
1850	2553
190	360
131	666
118	650
208	504
107	633
1404	2480
548	727
382	695
39	1063
630	1175
152	664
332	395
179	1099
370	2143
324	1703
1800	2513
852	1290
552	1315
135	851
239	382
1049	1293
120	551
648	2521
235	388
116	628
584	1171
1099	1454
103	614
399	400
137	1320
515	948
72	613
671	2068
163	920
471	550
459	934
343	2298
1334	2537
1178	1179
116	1045
340	1684
1071	1075
223	668
304	1106
955	1126
207	1224
846	1172
1086	1103
1261	1327
19	439
1922	2526
453	746
83	1815
659	1105
108	553
134	137
258	722
710	1850
144	1164
461	1079
2361	2498
810	1320
758	960
130	623
733	2344
298	1202
1247	1273
1639	2336
494	796
828	2228
663	906
466	1298
514	1224
325	1703
565	635
1390	1608
352	536
1213	1276
424	1201
254	2549
640	1058
534	1265
404	868
959	1032
2140	2429
258	751
103	328
78	2264
1490	2273
576	1242
2161	2323
750	1040
389	673
1106	2647
1519	2210
1773	2311
1220	2026
179	648
107	109
1926	2279
200	554
360	1167
347	2273
1113	1117
877	1013
887	888
345	2035
1063	1064
664	1080
866	2481
125	1143
448	450
948	1261
751	2199
784	1622
980	1045
364	1057
280	673
966	971
450	452
375	751
565	2403
451	1046
1760	2506
279	1304
544	1662
1399	2008
418	791
137	858
1120	1143
1057	1329
372	952
634	635
229	281
1235	2146
1186	1290
1845	2095
364	585
52	246
776	1529
1771	2087
120	1137
18	1102
478	479
1494	2597
529	530
136	1319
164	795
635	1004
645	1482
418	515
1614	2535
619	1528
571	652
374	451
652	654
777	822
217	228
362	1141
2277	2532
199	204
458	622
375	377
335	671
721	2217
649	763
222	223
1048	2370
963	1075
105	108
1198	1203
442	2029
867	941
583	2299
237	1924
95	98
50	2130
1156	1397
217	468
193	936
55	1052
100	729
1064	1300
1595	2540
106	1313
1264	1535
10	870
823	2628
103	107
215	638
370	371
226	322
103	608
1202	1316
103	163
1322	1725
580	1106
1045	1118
232	385
255	261
135	441
293	2569
2250	2581
1876	2044
454	699
1835	2559
15	1363
1688	1751
1404	2151
632	1196
481	869
2551	2600
200	1014
936	1178
217	348
1251	1589
1527	2469
1031	1265
944	1571
981	2644
233	364
1598	2299
1540	2482
135	1056
120	1043
1556	1613
1904	1936
223	442
239	2564
337	673
2019	2264
819	888
1128	1738
101	108
1072	1076
543	1841
118	523
486	1786
1032	1255
193	323
1180	1264
589	793
2069	2092
1212	2405
1014	1305
285	723
779	826
419	2054
1057	1085
124	1142
826	832
215	2462
2215	2574
1055	1636
187	420
552	1140
898	899
220	227
1136	1197
1396	2472
611	1064
691	966
1761	1762
551	1115
403	1526
465	1043
111	261
520	1241
235	1625
1311	1319
634	953
737	792
163	450
505	2009
26	1145
276	1167
1403	2379
1998	2051
517	518
104	112
67	364
820	821
808	1169
274	1061
1655	2352
2392	2470
887	1170
1033	1038
609	612
1288	1289
1092	1661
573	646
382	383
163	1167
1904	2620
425	612
261	425
514	1382
343	444
134	191
273	1997
1537	2290
2185	2339
1011	1921
210	780
112	858
1178	1240
1564	2442
89	590
372	1040
196	278
576	1099
200	203
70	1209
555	639
654	1056
837	856
163	2105
273	920
654	656
741	761
1395	1789
886	889
104	253
230	1886
74	2117
633	1045
1867	2606
714	2028
216	223
1555	1910
328	1763
148	1277
472	728
1436	2100
274	362
402	2031
514	526
862	1022
2052	2492
795	2059
912	913
631	1121
1141	1142
1003	1305
1044	1046
987	2647
176	2433
1552	2576
1167	1175
715	716
236	317
636	1093
503	1621
25	600
68	376
482	595
202	205
369	1323
2229	2287
553	1046
620	1061
862	1036
214	215
539	1068
1172	1316
996	2256
1660	2414
1155	2296
639	2521
127	1960
671	672
497	703
793	1869
9	1715
120	185
407	1084
117	259
764	1292
428	1243
1062	1180
270	1259
166	189
223	1249
1071	1076
553	1057
339	1102
572	810
67	1172
2419	2640
215	1096
383	622
645	2521
866	2361
127	636
1949	1998
465	1055
217	226
300	301
118	327
383	906
195	199
329	331
1520	2630
2148	2240
1401	2660
1702	2482
167	1237
1040	1045
26	955
627	629
19	1196
936	1052
639	2424
793	796
503	1408
223	655
337	1125
630	1049
836	2418
273	608
1066	1655
1154	1282
1574	2268
387	596
1102	2005
2452	2481
971	1049
687	822
102	516
823	827
1072	2207
952	966
12	1163
770	2142
921	1047
595	791
781	1036
2035	2412
1261	1883
109	1053
354	1068
1031	1163
374	969
524	525
1345	2071
753	1015
466	1150
1217	1220
551	1198
1040	2370
565	1003
103	276
229	1364
1114	1501
485	489
56	375
750	1277
332	1045
342	771
790	1169
860	1031
1120	1162
84	795
13	1673
548	619
274	604
612	1109
102	285
82	1098
610	1141
463	934
953	1047
1303	1663
668	1249
925	927
277	643
12	482
350	1047
875	876
586	1205
1004	1300
809	842
1	2244
189	199
1735	2454
1162	2592
429	1145
207	1163
223	298
103	1197
137	262
186	467
1066	1242
176	1364
286	1047
1217	1219
190	471
453	1205
175	1458
1541	2614
1428	1504
844	847
1042	1049
72	859
273	1114
593	1086
363	1150
1670	1700
470	772
350	970
140	801
1195	1200
417	1969
603	920
947	1082
285	1481
1844	2228
383	498
408	1298
1460	2578
103	404
314	792
1109	1120
1192	2618
823	831
873	1199
221	255
194	1274
237	964
281	570
565	1048
655	1329
563	925
758	762
116	395
6	1387
189	1107
742	2602
1145	1149
590	598
254	261
1749	2238
108	1046
1107	1330
1067	1305
737	1860
285	750
1837	1889
871	1255
342	1112
999	1104
563	1301
126	1176
337	963
416	469
1036	1236
1126	1746
440	1137
1859	2191
396	1316
498	913
279	417
252	711
286	1241
190	192
474	478
395	667
977	2054
2151	2498
285	468
178	335
506	2604
55	1240
636	687
433	817
1402	2563
1078	2437
582	650
2004	2295
711	1136
273	550
262	1144
38	1300
1144	1320
1825	2569
1651	1710
270	2018
1073	1078
587	777
450	451
550	624
253	571
316	794
589	759
890	1257
866	1281
1264	1829
878	2451
207	860
396	1141
1267	1962
999	1157
515	526
1165	1177
47	1614
2570	2593
836	959
657	1176
844	1114
250	750
1045	1210
451	969
818	1180
746	1001
553	610
21	1269
161	910
350	443
1920	2444
659	2434
163	1570
849	1936
1174	1175
504	1304
341	616
425	1389
2130	2283
723	750
462	1915
334	1121
1403	2501
738	759
89	673
1044	2129
1203	1264
870	929
651	711
651	1197
194	328
934	1129
514	749
504	621
1074	1077
468	750
1069	1840
1464	2502
506	2157
1418	2113
20	960
1601	2186
646	647
56	109
140	598
161	948
333	1319
1258	1633
253	329
2338	2377
843	1201
911	1032
995	1331
23	795
1113	1195
1137	1141
36	37
1288	1312
1059	1263
402	694
185	1055
1581	1613
220	637
37	1082
2073	2468
1045	1315
274	1316
376	1751
520	953
154	1796
955	1150
1200	1201
209	1032
395	1045
1175	1293
645	1181
513	2598
560	2403
199	205
167	823
885	1113
1511	2096
197	298
969	1141
125	525
121	123
101	110
667	1056
402	470
262	467
492	969
643	1500
722	1173
2105	2568
276	651
963	2036
55	966
567	1031
1157	2192
1268	1269
655	660
415	1178
1889	1920
652	2416
276	1197
106	111
10	1520
673	1100
1318	1357
152	167
343	819
560	1080
1152	1750
861	1115
180	963
92	97
279	712
920	1167
346	591
1024	1027
475	478
653	657
1863	1922
2082	2597
282	284
145	1883
1913	2355
867	1603
91	965
220	1081
392	1211
1216	1676
373	552
191	331
1262	1883
219	222
1738	2457
946	947
586	612
153	188
459	1129
1469	2542
1317	1319
1816	2535
729	934
858	859
469	921
134	1044
1948	2583
206	1345
626	887
140	1147
326	871
125	1205
271	948
16	1058
2003	2595
1637	1648
1840	2563
666	668
397	586
1240	2336
1665	2392
626	653
2022	2102
809	1528
1066	2032
139	826
235	236
674	988
2054	2100
778	1506
11	785
158	1083
1509	1892
1776	1807
878	2476
490	1786
2020	2069
1328	1329
283	326
449	1052
868	1136
476	950
193	468
1370	1386
1123	1124
958	1798
591	761
1154	2296
271	2163
632	750
768	1049
1354	1580
496	748
422	1113
114	625
1896	2611
277	1169
103	471
396	397
989	1674
1201	1204
214	1484
449	1240
4	7
936	1059
218	844
1992	2049
208	417
218	404
597	1269
38	888
217	285
1229	1934
743	746
1168	1288
961	965
1117	1118
252	844
604	1119
2236	2620
9	635
597	759
275	854
889	1120
89	801
193	1263
330	2246
1076	1077
699	1134
703	1343
1739	1930
1204	1317
620	1085
474	477
851	1171
35	38
470	906
148	936
845	1000
842	1330
1304	2286
644	1500
1042	1045
261	333
824	2427
210	622
1368	2377
1796	2511
184	1647
1301	1965
395	1171
131	450
656	1319
150	818
232	853
504	727
237	591
1643	2642
446	1784
667	1292
314	1279
669	1485
275	505
172	2200
1462	2178
280	795
112	126
166	1528
1081	1169
1449	1637
1582	2341
120	1115
324	921
492	1141
520	521
2248	2544
331	1139
795	2426
34	884
2388	2592
38	376
408	862
123	1448
229	1318
1479	2410
2555	2556
385	554
923	925
276	666
576	1066
1730	2272
915	917
739	2055
495	1106
1060	2396
254	643
1905	2656
4	2377
332	1201
362	660
476	695
467	1144
1417	1454
1376	1842
229	570
948	2211
1261	1633
1042	1054
1203	1207
111	1001
158	661
224	1264
358	951
116	1201
23	963
1133	2010
744	746
101	1165
1004	1211
249	710
244	891
643	1482
235	961
1075	2207
977	2040
576	2521
593	896
1126	1236
2344	2395
853	1300
664	823
73	686
166	279
941	1360
448	623
1521	2068
674	1129
1211	1437
396	655
426	445
471	1136
694	1504
385	452
605	686
371	492
2041	2082
101	1113
608	609
314	960
374	846
118	766
249	1113
2043	2614
239	780
1320	1321
694	1428
825	1301
67	233
1151	1153
256	628
169	463
336	1099
95	1661
1258	1262
572	897
1363	2613
324	634
1182	1214
241	341
9	1004
882	1257
802	1107
836	871
936	1287
815	1642
824	831
193	632
334	613
737	2444
1112	1261
370	1033
57	145
634	2647
240	2564
598	1075
200	202
1250	1305
655	1333
1201	1202
660	869
385	611
552	667
1058	1083
1682	1713
831	833
1608	2140
145	716
1263	1277
965	1155
332	843
444	1275
1080	1083
192	1144
672	1018
1790	2584
1835	2516
1482	1508
1145	1833
242	526
889	971
1793	2112
314	596
1100	1194
516	884
1365	2263
204	2475
1645	2184
975	1838
348	1196
644	645
2070	2444
541	2076
87	793
596	1279
548	809
470	1535
257	262
967	970
199	2475
1603	2300
786	2140
766	1165
1863	2559
1138	1142
661	888
167	729
137	1206
506	1629
619	727
1400	1761
361	1257
851	1315
389	1147
1289	1315
1088	1871
109	198
110	1142
1196	1205
815	2438
496	1399
986	987
512	2073
194	550
758	792
1767	2522
659	1129
248	426
1023	1506
118	249
325	1099
67	1141
945	1663
694	728
375	469
659	2223
136	1143
273	844
2134	2498
1937	1951
175	518
410	746
1035	1316
177	1238
1906	1955
385	1305
121	887
666	1114
959	2360
605	1086
1364	2401
396	660
823	1237
336	648
386	1194
390	1282
693	1159
1122	1191
108	519
129	1063
24	1271
1210	1211
454	866
1272	1821
1988	2634
100	587
723	1178
468	1688
2047	2586
770	2378
744	1057
1173	1175
621	727
261	889
230	776
551	857
515	1163
119	1054
110	112
172	381
317	2061
477	479
37	638
2505	2573
193	197
55	56
164	760
189	765
1028	1034
623	1165
841	1718
1315	1316
450	1136
1044	1209
535	545
1313	1321
19	468
1167	1170
16	1305
439	442
148	150
602	1754
493	883
167	587
217	986
603	604
713	1287
884	1240
1835	1980
469	751
429	847
226	768
1046	1085
1069	1403
22	316
132	857
161	514
304	306
586	1120
298	660
659	2411
67	1119
32	1305
1033	1039
225	669
1358	2114
404	568
104	113
196	1140
505	1126
1396	1723
92	2540
1377	2414
135	1140
1059	1065
463	2590
35	441
258	469
429	1560
1056	1140
364	1329
1436	2128
120	1168
452	565
341	1736
533	1328
223	2101
678	2275
343	635
401	495
199	279
969	1085
1462	2148
1055	1198
1433	1944
101	249
584	1289
529	1438
843	968
1441	2458
663	705
322	1319
257	1119
330	333
2013	2046
1186	1319
737	1920
1408	1621
304	305
2202	2498
135	764
407	1104
223	1085
23	140
765	802
301	1654
1494	1584
433	822
1072	1078
174	1346
1691	1717
1282	1283
68	1048
595	910
106	653
925	2331
199	203
373	1201
553	668
823	832
452	1211
1929	1974
1538	2262
280	386
124	259
273	450
119	276
277	790
1327	2310
455	1295
161	1978
1777	2120
410	971
188	2585
1400	1436
385	1067
1734	2456
36	1393
454	1270
1309	1320
1907	2048
91	797
451	452
635	888
884	936
1153	2551
758	759
546	1266
835	1029
660	2286
1295	1327
412	1948
217	1185
140	344
481	1046
1516	1553
1235	1785
492	1119
1271	1407
704	705
1390	2406
258	818
1692	2464
90	761
1259	1633
415	1052
695	772
224	416
364	1085
418	948
443	987
857	1043
418	860
1734	2174
250	255
224	225
317	1134
191	1314
207	242
1116	1119
571	625
416	1047
1993	2029
699	801
2230	2381
1202	1205
2303	2491
1600	2351
125	365
1863	2395
373	980
625	857
838	1120
193	198
1168	1171
132	861
713	986
1405	2136
455	2144
838	1001
208	802
385	444
1628	1629
91	592
988	2234
1334	1994
453	525
1163	1190
644	1535
362	1061
72	1144
508	510
107	1315
712	754
598	760
1636	1779
1094	1095
332	1060
526	791
164	866
1172	1174
670	923
102	415
443	751
166	621
1143	1293
35	395
571	1115
487	491
608	666
382	913
253	254
465	652
825	829
872	1167
136	453
1969	2022
140	760
16	1067
2546	2578
1113	1118
564	1074
886	888
158	1275
1535	2608
74	835
1285	1475
323	936
1049	1109
603	651
612	1049
1455	1651
130	1309
328	614
723	1277
771	1031
1524	2633
16	565
104	120
1047	2370
528	529
565	1275
142	583
728	2579
458	1465
2427	2588
1495	2094
609	851
26	129
190	1167
948	2552
322	365
288	459
388	961
102	439
713	1178
55	1166
614	868
945	1303
1301	1932
396	481
561	562
519	1061
1015	2650
375	987
1313	1320
1569	1944
457	2402
525	612
1289	1292
1811	2477
342	567
690	828
1138	1369
9	853
56	937
139	779
832	2588
831	832
993	1266
1133	1134
152	560
897	2438
980	1201
768	838
218	328
130	327
1762	2449
609	2314
1167	1274
261	410
335	697
694	2191
448	1165
416	1203
1190	1327
26	854
70	122
847	955
1505	2663
1010	2446
1061	1316
1008	1921
1076	1079
441	843
1316	1321
16	452
385	1275
79	1822
362	1172
347	1205
1474	2005
818	2608
2541	2569
1359	2459
280	1134
2420	2619
534	2227
1277	1278
1033	1104
431	1950
364	846
1152	1154
1098	1102
336	645
259	1142
1018	1019
600	1283
1952	2616
440	625
913	2269
306	2663
673	1749
332	633
913	2487
138	140
652	1115
1410	2106
276	872
322	586
208	765
424	1060
2081	2134
372	415
84	389
389	1100
1180	1278
1862	1921
801	866
200	819
372	2156
873	1169
422	1195
1659	1851
1022	1318
333	768
1862	2446
68	1097
369	1330
809	1330
842	1528
13	2248
321	322
19	1052
276	279
570	1236
757	1036
326	647
1699	2411
68	1067
1291	1309
1219	2213
712	1304
410	838
193	2475
270	341
9	232
61	462
624	666
216	320
1169	1176
1165	1309
150	469
1065	2137
534	567
1043	1312
751	1062
374	2156
824	2628
1312	1320
1944	1964
1670	2345
393	422
450	624
409	625
1225	2315
611	819
1690	1691
363	1126
348	1277
585	1085
819	1003
826	1824
1288	1290
398	780
2344	2465
968	971
373	376
812	1335
258	1053
249	251
988	2420
148	1059
30	31
2408	2469
1052	1263
149	474
433	1080
2123	2621
619	1323
611	613
1505	1834
860	1594
1982	2519
1127	1506
150	1788
754	842
38	158
189	809
90	964
1099	1242
306	1505
251	254
965	2435
504	1768
1192	2642
1386	1637
1910	1960
1791	2384
451	1404
324	751
126	1320
1025	2337
457	681
410	889
222	2101
415	1059
258	937
274	1997
2383	2419
1098	1123
610	1590
249	258
737	2602
417	727
274	298
981	982
347	1319
652	1043
314	1268
970	2608
986	1178
353	354
408	1149
1135	1369
252	328
839	858
1978	2318
347	397
470	476
697	1192
1195	1775
438	495
161	1295
2127	2333
197	620
538	544
179	1181
559	560
180	699
2516	2581
1972	2509
80	84
262	863
1508	1530
722	1535
253	2549
604	1329
1089	2175
174	175
742	1860
695	2392
210	476
1062	2148
724	2521
655	657
1008	1009
501	1408
1904	2025
38	1097
193	1287
374	377
233	1316
746	852
230	1925
148	250
170	1925
375	2156
2320	2463
580	2092
968	1118
1549	2594
766	1135
474	864
661	1004
260	263
422	424
252	568
179	1455
614	844
1638	2126
2044	2620
2008	2559
374	442
938	2228
193	516
77	1469
2133	2217
9	343
876	1266
1903	2267
1162	1290
133	137
2258	2452
570	1145
19	2374
1153	1281
768	1290
343	1003
300	594
337	590
287	1303
314	2048
333	365
186	810
594	595
374	1141
1009	1769
111	852
1433	1569
521	566
382	472
1202	1204
328	1114
1541	2483
12	1112
237	318
721	952
375	1053
140	2137
2366	2529
636	934
844	872
35	196
252	2549
632	936
868	920
552	554
1089	1849
185	1312
254	256
190	252
439	1240
215	837
252	868
67	481
744	1202
1302	2322
487	1786
89	1270
1442	1596
519	604
239	402
1597	1645
2453	2605
643	1303
221	626
20	737
2276	2434
397	1162
290	2220
1751	2013
281	505
18	339
67	1249
336	698
471	1054
1388	2344
1065	2160
666	669
194	1042
280	1194
2239	2297
516	1277
68	1058
112	572
961	2435
300	2018
926	2331
321	667
748	1259
2472	2630
1171	1176
603	844
329	1763
22	865
313	566
746	1049
0	2244
525	768
925	1301
1023	1336
142	1593
559	1007
1489	1876
36	166
901	1025
397	852
1114	1136
846	847
130	1165
123	609
938	1213
1046	1049
109	1062
541	2034
9	611
1596	2360
971	1319
319	1549
415	986
325	639
451	1316
548	1107
612	613
840	876
73	605
122	1314
380	2377
123	349
768	889
1144	1206
190	624
120	1448
86	387
889	1049
519	585
196	764
439	966
1219	2026
90	796
1376	1784
1366	2516
622	1658
1423	1615
572	1121
514	1031
554	661
482	567
1491	2646
921	1203
440	861
576	645
763	764
219	1115
219	1055
882	1248
156	412
1097	1305
334	858
1071	1072
10	581
433	729
465	1288
865	2361
474	1105
118	393
836	1032
315	2061
754	1107
396	569
472	906
273	1042
851	1056
434	906
32	1918
765	2286
274	655
863	897
269	401
1047	1049
614	624
1045	2129
233	1141
857	1115
145	734
331	1117
1270	1821
415	516
567	1030
517	743
197	610
559	565
1307	1940
1111	1339
281	1318
322	768
216	623
72	186
152	988
315	388
620	1316
324	818
1196	1203
570	862
18	2662
439	632
372	375
1456	2328
1151	1154
712	842
789	1665
2624	2658
19	952
419	1914
1943	2663
897	1517
563	1017
1922	2256
1001	2592
885	1309
3	5
507	2598
1688	2290
171	1851
1496	2657
196	628
177	804
492	660
123	125
898	1023
814	2253
764	980
759	961
439	468
347	1290
317	1100
180	454
14	1877
105	637
1445	1819
290	291
600	797
1106	1107
429	2357
409	857
323	468
118	1165
651	2284
493	1063
1080	1081
699	1194
453	1319
838	1205
136	656
476	941
454	801
320	393
2148	2178
136	1293
2600	2622
1372	2624
968	1292
688	1561
393	523
619	1304
87	88
1500	1530
635	1064
232	1067
104	329
634	1535
791	1190
664	1093
386	1270
1664	2469
1040	1277
768	1319
1931	2113
271	1939
2346	2600
454	2151
1139	1142
2100	2443
150	1535
118	623
125	453
56	751
278	1060
742	762
363	757
1556	1581
963	964
135	1171
868	1328
827	2588
1865	1897
39	493
136	410
1759	1782
828	831
252	1274
69	1636
16	232
163	533
2132	2180
1869	2426
266	268
514	948
1805	1922
1628	2312
699	760
1148	2120
593	1146
376	1097
482	515
108	569
1815	2607
831	2628
621	1323
816	1240
227	1144
749	860
364	1316
366	368
493	2449
633	1292
217	816
274	451
19	632
359	1967
582	586
389	390
871	911
684	2493
1330	2286
1118	2314
420	772
103	1328
1631	2585
550	1054
209	911
1060	1064
26	1523
1884	1920
20	23
973	1498
458	705
452	1404
1447	2266
364	374
1270	1281
706	2407
109	469
392	1048
246	894
533	1167
1747	2649
695	913
46	2535
219	857
452	1067
402	434
1840	2014
401	1130
407	1892
1037	1038
39	1710
483	1017
1705	2254
320	2639
471	1654
333	1175
610	846
650	710
781	854
613	1144
671	1521
402	913
125	656
104	807
1043	2175
179	576
823	830
292	302
1221	1513
262	1176
55	449
1269	1270
548	2571
980	1171
735	1756
163	1328
1563	1586
312	1350
459	664
1118	1210
323	880
659	817
954	955
568	569
599	2377
392	1097
1139	1143
825	831
1330	1771
420	470
1141	1369
1037	2584
450	1197
761	1282
23	590
162	1275
1635	2355
648	698
1745	1847
409	1198
729	1129
534	1295
232	1058
274	481
960	1151
1025	1072
829	832
1131	2281
219	225
2027	2046
519	846
149	152
840	1538
716	717
319	1907
880	1166
474	664
750	936
950	1854
822	988
1248	2321
364	1141
612	1162
1695	2429
424	843
385	1014
1029	1445
583	1033
187	705
119	568
534	791
364	1202
582	710
148	1263
323	966
1517	2659
11	413
108	604
2259	2531
167	988
106	121
1314	1315
26	39
207	1265
343	1048
376	554
407	1033
552	843
1052	1287
25	91
1625	2340
18	1233
892	941
694	950
68	661
194	199
838	852
342	1295
792	2587
786	1608
185	465
859	1121
952	1040
971	1186
562	2403
365	656
635	1250
195	625
860	1797
746	1319
1136	1138
1121	1176
1749	2123
1179	1181
1089	1871
38	1393
253	260
1272	1407
127	1555
477	1385
878	2446
560	687
1146	2107
633	635
1293	1319
458	950
1070	1075
787	789
471	666
760	963
1300	1930
732	779
254	255
565	1083
26	229
896	1146
38	385
71	117
1492	2047
250	261
126	467
799	947
740	801
410	1001
290	292
375	714
842	2286
781	955
189	208
493	570
330	626
650	655
220	225
418	1295
624	1042
968	1289
1136	1142
724	1099
944	2241
519	522
468	936
1762	1813
722	818
34	986
164	236
2155	2208
476	1385
764	1140
219	220
459	1657
853	888
748	2018
1167	1177
835	2117
1007	1157
537	2047
1714	2634
392	1003
349	373
497	911
197	519
2454	2456
2025	2369
562	565
1401	1917
1522	1984
646	2117
1061	1202
560	561
988	2619
939	1208
1441	2552
824	833
390	391
920	1531
993	1012
1258	1883
301	312
1339	2069
26	1318
135	584
371	1249
261	1049
497	871
887	889
827	2628
287	677
360	868
269	580
604	1035
349	552
831	2260
508	509
552	1292
723	1052
34	713
1194	2209
734	1883
263	1207
285	691
433	687
319	762
687	1237
1100	1454
450	608
421	848
2394	2437
1151	1268
226	656
459	729
1047	1203
389	760
1041	1048
2471	2534
431	432
1197	1311
1317	1320
1778	1917
1196	1197
847	1236
366	367
78	2019
559	1157
197	492
493	1145
1170	1171
741	1860
87	759
1893	2609
2088	2619
471	868
1531	2167
658	2276
654	667
252	258
149	1788
197	744
1123	2479
468	632
59	820
612	746
33	938
721	2373
242	1031
1781	2466
417	712
1715	1987
822	864
198	970
1247	1248
960	2036
492	869
31	2566
863	1121
278	1140
329	333
1009	1025
786	1390
258	260
962	964
1942	2072
1173	1535
444	452
260	261
1030	1190
897	1206
82	83
404	1136
219	571
116	222
691	1552
1168	1173
445	1214
1401	1778
349	1210
258	520
1312	1316
658	1349
497	1255
1504	2251
364	1119
1349	2474
841	2636
257	604
519	610
528	530
694	772
274	660
148	884
163	1197
1484	1874
520	714
2063	2200
1463	1844
219	394
458	906
70	71
519	569
163	360
472	663
807	1043
218	868
1397	1811
35	37
588	960
371	1556
1127	1453
453	2151
10	2267
261	365
853	1064
90	390
1833	1893
575	1179
782	2142
1866	2453
577	1233
651	1311
489	490
1098	1454
285	1178
126	1144
592	797
644	1053
644	722
767	1000
647	703
327	766
197	1316
67	197
328	868
1115	1288
585	655
623	1195
298	668
424	1118
686	951
216	1165
365	1162
1618	1948
102	1059
126	227
569	1316
1489	1490
180	590
1207	1894
749	910
1750	2530
492	519
390	761
480	1020
1554	1976
1327	2365
651	1136
444	1097
1	1260
132	1055
563	1021
519	1202
831	2427
1669	2067
257	274
1577	1980
555	1181
1852	1998
1139	1369
527	528
200	1083
1957	2326
150	2608
1047	1062
1581	2325
101	523
278	667
100	934
656	2284
524	753
1313	1316
242	771
89	180
158	1064
270	496
1041	1043
407	999
56	970
1221	1488
393	1291
492	1035
467	1206
55	148
241	270
1023	1127
552	764
514	1261
1657	1982
514	771
190	920
1268	1407
1549	2048
127	659
1008	1011
395	628
1416	2431
454	590
360	568
1182	2053
223	257
443	1278
1497	2394
107	609
1798	2360
346	1271
1378	1930
633	764
2031	2219
388	389
1583	1638
1024	1539
262	631
1497	2066
462	539
1785	1957
1116	1170
273	868
710	766
190	404
448	1195
797	1155
217	721
84	590
1935	2319
1334	2360
665	2630
50	51
624	1197
252	450
599	2145
526	1190
498	780
167	777
990	1905
214	712
610	1057
343	1211
551	554
418	1224
611	1300
273	624
1516	2186
2495	2562
1086	2053
78	2203
1117	1501
1047	1241
963	965
137	1121
369	765
94	1235
83	1193
1325	1354
108	362
288	823
645	698
262	858
429	854
242	455
104	409
275	955
752	755
1884	2607
610	612
451	744
348	1178
571	1312
1150	2103
1478	2168
200	201
722	937
197	201
422	523
652	1636
217	1277
57	734
173	1084
235	237
835	1445
1615	1780
441	444
375	2608
846	1057
1662	2201
660	846
1729	1880
249	257
713	721
350	1053
723	1240
148	691
536	2177
891	905
2112	2459
295	2211
1060	1062
817	1237
327	1309
103	533
362	519
395	1060
677	945
1521	2238
214	2286
94	95
221	228
16	1083
1859	1891
1252	1276
803	2062
1818	2397
162	392
305	922
362	655
416	714
247	1969
471	1167
791	1261
1001	1293
606	731
868	1654
114	185
131	404
90	91
1668	2409
955	1022
632	1040
866	1075
485	486
561	752
185	1137
19	691
408	955
968	969
321	980
795	1493
838	1290
196	584
1138	1200
320	422
656	971
344	1134
112	657
1073	1076
952	1059
287	1169
344	590
1651	1680
966	1178
483	825
625	861
527	1438
1241	2608
1158	1459
996	2526
133	221
55	1059
315	1549
1110	2419
2064	2562
94	98
116	1315
911	912
331	333
1731	1760
984	985
659	777
107	2314
639	1232
148	1185
1173	1174
1100	1101
1632	2296
654	1140
1241	1264
517	753
40	1602
474	822
740	1860
365	425
623	766
1726	1757
150	520
242	482
636	664
319	1155
2480	2537
474	475
330	331
360	651
721	1287
443	2029
348	632
164	699
861	1312
571	1198
472	772
1328	1654
317	801
812	813
1981	2323
217	723
372	1751
2355	2560
630	1143
1747	2088
723	986
611	1250
1206	1320
942	1571
1323	2286
1635	1764
219	409
554	1064
249	1135
2368	2508
1875	1911
23	389
319	600
377	2156
233	362
360	1311
234	1268
112	227
140	236
1046	1202
1715	1896
277	637
1681	1702
321	395
488	490
754	1528
332	1315
2319	2343
664	729
386	1125
2037	2040
458	663
610	1172
3	7
162	853
171	378
229	757
78	975
287	1640
620	1172
1136	1141
991	1516
2157	2652
263	1321
892	2023
1010	1921
129	757
119	120
548	2286
1956	2656
2169	2527
178	1651
1519	2619
356	531
23	1153
397	525
234	387
1057	1202
466	1022
474	1385
1113	1501
1170	1173
1148	1721
323	1178
9	200
1141	1172
285	1839
38	1976
214	369
269	495
1354	2519
52	1164
196	204
107	110
1022	1036
569	604
208	279
110	124
101	885
219	227
766	768
591	796
101	106
24	90
294	2227
780	941
421	1041
630	1162
952	1277
353	355
652	656
998	1331
915	918
108	610
1870	2457
169	822
1477	1531
794	962
280	598
741	1920
401	1258
523	1775
342	749
194	197
483	925
790	945
1278	2647
103	111
236	801
5	6
2195	2300
219	1312
23	801
884	1287
656	1049
456	1630
373	628
233	371
1662	1754
225	226
252	608
483	1301
844	1197
466	570
1943	2073
332	609
520	1278
91	600
27	30
187	1641
231	2632
559	820
88	794
495	580
1165	1775
318	2145
788	1706
434	622
463	777
175	924
185	652
1169	1170
1627	2648
439	691
136	1049
326	1255
869	1202
2056	2447
796	1154
1501	2224
141	1101
749	948
793	1152
322	1186
2150	2481
224	1535
370	583
791	2351
1644	1973
343	565
329	1351
680	931
195	205
104	440
323	2098
217	1240
201	2366
518	1016
467	858
227	572
601	602
586	1049
1461	1484
1313	1319
640	1275
1080	1237
236	866
239	383
723	1040
1764	2161
250	1287
1549	2270
294	297
1479	2472
241	1759
186	262
123	851
32	1004
248	1214
1144	1176
751	921
323	1059
221	330
365	453
118	122
1764	1917
394	1198
101	1775
598	1147
1956	2625
425	525
644	1241
892	913
61	539
1040	1043
331	334
477	487
917	1606
857	858
1114	1117
851	1292
55	516
304	1110
1022	1149
2316	2374
164	1147
1487	2502
258	443
1846	2328
232	1014
389	740
451	2151
1186	2385
357	1675
78	995
410	1175
1113	1116
373	843
271	1163
533	1311
386	866
650	1165
1831	2375
1030	1031
10	784
19	372
163	1274
148	1788
468	1287
857	1055
1713	1929
1851	2200
407	1007
696	785
2150	2361
262	263
2429	2468
2072	2406
385	565
119	123
1403	2166
107	116
767	845
384	475
1077	2066
713	1240
1048	2129
111	365
152	1129
479	1689
1955	2295
36	208
103	711
685	1257
783	1569
1269	1280
120	440
1003	1058
348	1040
350	1203
722	953
863	1320
1792	1887
1273	1275
34	323
315	2048
969	1035
740	2070
2217	2373
841	2378
802	2286
371	1046
560	587
1727	2449
1134	1270
342	526
2346	2622
778	1429
553	1119
996	997
344	1270
465	1312
278	1045
9	68
691	816
569	1046
1042	1044
190	568
920	1311
188	431
227	467
364	519
1171	1173
1168	1169
1787	2573
741	796
111	889
185	1115
826	831
1197	1204
246	1164
813	2253
233	374
1135	1137
167	2495
16	1363
852	1205
257	585
249	250
350	1264
22	962
1492	2177
1852	2181
348	439
149	167
1044	1139
948	1327
1098	1099
1983	2596
135	968
20	86
32	565
533	1136
1604	2353
1057	1172
628	1140
200	1097
139	2621
116	373
635	1275
1643	1852
974	1498
187	472
1001	1162
1704	2597
369	712
759	1699
160	1432
451	668
660	1172
34	35
57	875
1061	1065
386	389
348	1166
1080	1105
528	1588
70	191
200	661
162	1048
2027	2238
383	472
373	851
1048	1275
163	868
1167	1171
194	1136
251	263
1053	1062
1198	1312
2451	2476
401	580
219	440
9	819
37	799
200	1067
594	1259
229	505
274	585
1891	1923
405	2021
607	899
52	535
39	408
737	2055
101	103
1023	1453
39	466
93	97
108	223
860	1993
628	1289
275	1126
196	424
1393	2470
200	2475
830	831
250	263
1154	2551
572	657
180	182
258	1173
1873	2204
1118	1171
1795	2179
1047	1535
276	920
198	1053
883	1150
968	1060
1037	1790
128	1008
84	1134
1075	1194
332	373
196	633
217	691
777	1105
236	1281
1917	2660
163	651
256	2549
670	845
19	713
986	1240
59	370
362	553
1213	2417
1553	2219
556	1082
245	2381
434	892
1042	2370
1931	2511
9	565
320	1775
249	422
343	1067
191	192
884	1185
1056	1171
927	2331
824	2588
289	2414
1379	2112
1727	1761
2345	2402
1664	2245
1195	1206
595	1224
19	415
347	746
12	567
1114	1118
704	912
710	1775
152	636
1135	1195
445	1784
664	1105
1493	1824
149	822
1102	1233
288	674
1763	2246
634	2608
121	126
324	1203
1091	1661
1184	2385
1188	1190
68	1300
286	1839
586	2592
394	807
1955	2004
717	876
560	823
153	431
945	2155
210	867
425	1049
94	973
624	627
364	604
35	222
478	1978
163	471
809	1107
101	1309
1817	2359
916	1711
1650	2352
100	988
257	969
278	373
258	1264
713	1196
1791	2196
1530	1587
977	1838
323	750
323	691
954	956
369	504
190	614
1838	2081
193	1196
740	741
721	816
218	222
514	1295
1145	1298
2121	2142
233	846
944	1360
1395	2151
1926	2476
1240	1241
553	744
278	980
1362	2124
254	262
646	958
653	1333
386	699
500	2158
198	1203
194	624
144	535
330	1170
420	663
600	2377
123	321
208	1107
953	1241
111	112
923	2331
2434	2474
1261	1295
869	1061
948	1224
307	2567
102	1052
546	876
515	2354
876	993
1061	1119
1528	1676
453	1109
1195	1291
406	2021
590	591
866	963
441	628
1508	2528
1843	2083
70	979
1168	1175
632	1178
1929	2612
634	1241
1603	2352
179	336
144	145
640	1083
177	899
161	515
421	775
394	1137
1866	1898
68	611
387	588
606	1023
951	1146
1249	1316
430	1024
673	1491
524	743
782	1307
363	1063
1024	1025
1048	1300
622	913
465	861
68	853
824	832
1763	2475
332	441
1876	2620
1570	2507
227	810
481	519
136	1001
516	966
664	1237
642	2391
652	653
2250	2597
2279	2476
469	2608
794	2010
1048	1049
1370	1449
193	372
1293	1490
1623	2330
396	610
1185	1186
101	109
233	660
199	712
1367	2392
854	1036
1615	1660
643	808
218	651
862	955
839	2231
851	1140
89	1711
164	673
468	2290
932	2454
222	654
1593	1742
1039	2235
1287	1290
41	1602
149	674
656	1293
16	1275
2066	2394
523	885
2489	2558
1049	1162
765	842
1635	1981
446	1842
728	1781
197	205
189	1323
123	373
559	999
293	890
687	988
408	1036
749	1511
1510	1818
761	1271
1273	2190
1106	1110
365	889
88	90
1518	1559
766	1195
1061	1141
162	1058
1558	1759
597	961
1370	1696
948	949
1094	1096
81	901
1855	1916
751	1241
1071	1191
611	888
1463	1508
1102	1454
21	315
458	694
185	807
17	555
699	866
371	1119
150	1241
792	795
650	1309
455	910
196	851
1595	2376
820	999
285	1059
1060	1289
837	1096
520	1173
496	594
1860	1920
29	2566
110	669
2372	2555
69	329
586	838
956	1604
671	2238
1437	2405
382	780
668	846
1521	2573
1253	1783
80	1815
654	851
311	1219
1368	2469
1627	1927
158	640
1852	2051
712	2286
1841	2168
199	802
195	1043
993	2119
2397	2563
200	1275
254	263
234	792
360	1042
1167	1311
140	317
111	226
827	1658
1169	1172
1217	2026
311	2265
1126	1149
156	1859
1532	2457
992	2119
107	135
320	1113
711	1274
15	62
889	1205
1122	1125
894	1164
1103	1487
896	951
227	613
434	435
741	964
1906	1935
189	279
656	1186
659	687
634	714
368	946
453	971
1073	2394
108	1057
640	1004
248	1297
651	1114
1891	2040
502	1621
566	926
215	947
196	200
937	1535
371	1141
484	485
131	1054
699	963
84	699
795	1153
824	1453
1120	1319
393	885
1764	2660
89	598
2594	2659
628	1171
588	596
1289	1290
138	1453
1120	1290
69	409
417	548
618	779
209	212
415	1185
1493	2059
823	934
1393	2392
46	2426
1357	1359
310	1218
482	771
328	844
442	668
572	1144
981	1519
793	795
267	1403
1241	1535
1211	1300
19	750
753	967
452	1048
233	1046
254	790
103	104
1637	2038
420	780
1917	1981
1240	1287
459	988
1604	1605
13	1519
102	816
861	1055
560	564
1340	2020
320	1291
360	362
986	1040
232	888
329	1168
1260	1883
417	765
1221	1671
372	750
136	1109
738	961
279	1107
35	968
322	746
600	2338
509	2598
654	1315
344	699
602	2045
239	470
633	843
429	883
2238	2573
1948	2481
261	852
1247	1249
1054	1056
47	50
586	656
1155	1971
968	1171
795	1270
343	1083
532	973
322	1162
451	1329
382	950
1605	2353
1114	1115
556	1656
966	1052
591	2145
358	879
1741	2634
1388	1458
150	644
772	2537
212	2117
627	1117
721	1040
2243	2490
2376	2388
67	2386
936	1624
242	1190
1043	1055
179	180
474	817
214	504
92	803
193	884
498	663
595	1112
1822	2019
230	1508
26	281
1809	2491
545	894
186	1144
959	1798
140	1125
349	633
781	1236
229	363
84	1100
1734	2416
129	505
568	1328
158	162
459	1093
117	1142
167	687
67	585
1193	1194
180	1281
475	477
612	768
348	750
617	1361
329	1055
1098	1474
256	667
130	1775
132	219
1061	1329
1411	2118
973	1235
1455	2525
12	1327
286	751
293	1248
314	1907
348	880
470	892
1053	2608
232	1064
249	262
349	1140
409	807
746	1175
340	2376
256	1140
737	739
1779	2561
344	1194
281	1679
286	1264
1121	1144
104	195
2067	2249
4	380
133	887
603	1654
36	369
358	437
2205	2400
652	1288
1476	1830
1408	2102
350	416
256	278
1075	1668
41	2505
632	635
757	1126
603	1054
298	492
1598	2349
33	1213
332	424
166	754
1099	2005
570	1150
363	1036
1367	2470
259	260
674	1237
1750	1971
130	422
599	964
1001	1319
1082	1161
9	32
652	655
2316	2511
238	592
129	1318
120	652
469	1278
162	565
453	1120
966	986
309	2567
35	584
638	1161
12	271
1140	1144
329	409
691	1287
961	964
242	515
198	443
191	627
585	869
1016	2488
233	668
1887	2476
269	1449
70	627
617	618
778	1127
1785	2326
223	1141
1530	2288
119	328
355	1002
589	1152
666	1274
327	1165
56	350
1057	1141
109	416
1013	2133
1769	1921
1279	1282
135	196
2411	2474
325	648
373	1292
553	869
1269	1821
711	920
362	451
328	1654
1045	2370
543	908
96	99
300	748
1295	1908
591	1282
750	884
285	1277
324	443
685	882
410	768
22	23
328	332
714	1241
752	753
639	698
656	838
336	2465
987	1173
575	649
420	476
107	552
355	356
1856	2250
197	846
258	634
145	146
1509	2619
288	1093
668	1046
430	1949
1533	2479
413	696
633	634
1209	1437
275	466
134	136
667	1045
749	1327
102	880
1307	2142
198	644
16	1014
441	1292
1008	2446
1015	2488
218	252
620	668
197	1329
1036	2584
242	534
180	317
1479	2162
1526	2219
197	1249
342	2478
275	883
937	1062
195	1115
623	1309
314	318
253	255
1752	2429
952	1185
1023	1539
980	2653
648	724
1107	1323
32	635
118	130
218	624
966	1440
40	703
253	1055
1935	1956
442	610
1198	1288
139	618
89	164
1540	2287
28	30
746	2592
269	1258
1110	1111
779	1429
303	977
712	809
1274	2599
1074	2394
287	790
253	625
131	273
226	1175
397	838
1618	2150
371	1329
68	1275
828	1252
852	1186
572	631
67	1316
1628	1829
847	1022
137	467
1200	1203
506	1828
480	583
128	2499
1205	1894
350	818
189	2286
731	778
89	389
1580	1982
103	218
365	1175
556	558
20	234
1997	2375
86	737
273	404
568	1136
598	1134
221	887
53	54
349	609
71	1174
136	525
634	1053
459	560
859	1206
111	1290
969	1172
2297	2313
248	2179
938	1276
253	652
702	2002
691	2349
304	401
1047	1180
138	1127
129	363
1178	1181
873	2325
487	490
1706	2447
962	965
742	2055
152	1093
364	569
365	1186
475	704
109	443
651	652
498	2158
169	817
227	1121
536	998
370	480
1175	1205
640	1300
249	263
372	1287
1959	2489
740	1281
838	1293
104	551
667	1315
300	922
224	634
585	969
810	1176
738	1269
469	644
1891	2583
1043	1044
123	1315
713	2028
584	764
162	611
111	1186
103	450
820	1084
362	1085
805	1069
1004	1305
1069	2379
131	163
1488	1513
476	694
1398	2304
232	640
221	224
180	1075
1070	1072
173	999
1119	1501
570	1022
233	396
34	1059
953	1203
91	238
643	645
632	884
1096	1708
238	1625
1362	2372
209	211
501	502
126	186
383	705
140	1134
387	390
550	608
1007	2446
217	1287
586	1494
806	807
186	1176
148	193
1054	1167
470	663
465	1168
69	71
140	590
1489	1904
1224	1261
320	1195
250	256
220	224
100	167
26	429
342	2128
1263	1264
130	132
1405	2108
1033	2584
1134	1281
1049	2370
19	1178
201	202
1887	2279
1212	1437
486	490
1015	1016
454	1147
56	722
199	1304
918	919
807	1168
333	1186
132	652
178	180
623	885
326	836
648	1099
667	668
669	1479
1115	1116
847	862
441	609
233	1329
1646	2392
273	275
433	463
276	360
846	969
281	883
504	1323
166	504
258	1278
443	469
1174	1204
534	1031
74	1445
223	371
603	1167
862	1149
595	1031
780	867
503	1567
248	2001
168	991
1398	2447
901	903
494	761
200	888
257	1061
424	1056
695	1646
222	225
372	723
1781	2579
632	1052
685	890
349	1315
840	841
776	2170
233	1085
289	2037
35	116
374	492
973	1785
537	2177
416	634
625	1055
2223	2411
1355	2417
269	270
632	966
252	1328
2414	2481
714	818
886	1714
35	1292
1163	1261
866	1153
610	1046
1613	1657
1062	1173
410	1162
1870	2589
372	1240
453	889
221	225
341	2018
214	548
1949	2484
1887	1926
195	409
212	479
1011	2446
572	613
1073	1075
1227	1228
1386	1479
3	4
955	1236
908	1760
1271	1821
333	397
271	1112
256	1210
126	858
8	975
277	945
1418	1749
399	2221
545	546
569	744
385	1083
1197	1894
125	126
317	319
1836	2560
1140	1201
17	698
34	1052
223	1119
823	1093
49	50
1064	2148
1339	1340
81	2607
821	1346
1587	2284
382	941
1179	1257
73	1086
200	1211
911	959
26	781
40	871
481	1329
280	454
67	553
1752	1943
261	586
363	781
486	488
16	343
469	1535
334	1144
560	566
1967	2149
333	612
147	1956
1070	2066
819	1305
636	1129
1022	1298
133	1170
223	620
431	2183
637	790
456	2574
89	740
560	674
274	744
161	418
1508	1886
637	639
1666	2017
132	1137
100	433
100	169
196	980
1094	1299
530	1588
363	1145
1424	1982
103	1167
691	1040
274	1035
164	1125
641	1284
1300	1305
823	828
394	1636
2249	2659
1055	1312
433	2539
1115	1198
81	82
516	518
695	705
1114	1197
432	1159
928	1728
689	1561
249	1775
320	448
2113	2511
215	1161
152	474
199	842
288	2414
244	1804
279	1323
1351	1372
2084	2498
889	1186
430	1597
210	772
777	817
393	1309
741	742
964	965
90	730
135	321
196	2314
768	1001
450	603
1200	1204
1564	2635
539	2034
2162	2435
350	953
1615	2099
691	750
945	2548
1463	2632
59	173
129	1149
1889	2378
350	469
989	990
584	586
260	262
830	2628
1271	2145
261	1143
256	373
304	2663
1053	1180
1197	1199
260	629
332	667
505	1063
17	576
39	847
444	853
784	1470
19	884
1024	2337
1643	1998
869	1329
851	1201
304	495
943	944
468	516
433	560
748	2593
208	727
765	809
980	1118
1701	2482
402	1881
315	738
330	1351
1173	2647
1088	1661
1031	1112
256	764
523	1291
23	386
186	657
249	582
1085	1329
550	1042
1165	1167
39	275
860	1163
316	319
701	1102
713	1059
670	1749
575	1248
167	474
394	571
619	765
864	1237
664	864
388	1280
1321	1357
370	820
960	2435
667	1118
768	852
1058	1211
1895	2041
1075	1270
2260	2313
327	329
274	374
451	1119
583	999
981	2248
126	863
192	1206
609	610
644	1203
123	126
251	256
2207	2437
569	1061
1001	1186
626	1138
273	603
120	857
219	1043
1089	1661
482	2518
105	790
1395	1733
623	1135
237	2294
116	424
771	791
1087	2013
914	1034
227	1176
481	744
279	1605
1040	1263
1017	2488
103	106
336	576
863	1206
284	2641
1437	2156
560	822
374	1316
722	2030
846	1085
320	523
534	1261
2342	2548
921	1264
1632	2141
619	1107
286	644
555	645
333	334
125	1448
839	863
844	920
536	995
162	1064
280	1125
703	911
554	611
274	1046
182	1651
792	796
60	2186
1087	1090
86	1868
562	924
274	2375
1680	1710
341	2128
1820	2510
294	296
606	1506
135	667
546	840
137	227
801	1075
70	1117
868	1042
1119	1121
392	888
371	668
2096	2593
952	1196
371	1172
9	1048
232	1003
350	1180
598	699
800	801
210	906
402	780
801	1147
1695	2099
307	2555
452	853
1716	2302
207	342
1850	2510
1339	2419
586	1290
83	84
1027	1783
187	239
674	1772
911	2269
749	1031
651	1654
1817	2149
612	971
216	219
152	1105
893	2398
349	851
315	589
698	700
520	1535
612	1293
1074	1075
189	2638
127	1910
925	1965
278	633
1530	2284
109	375
218	533
26	570
193	1178
328	1167
161	1112
863	1144
1217	1221
1805	1895
1063	1318
1693	2045
136	768
465	1636
1166	1170
1045	1289
69	1137
440	441
196	1289
966	969
1677	1885
298	655
667	1210
252	920
1033	1790
84	760
271	514
625	1043
223	1329
560	729
458	780
1607	2296
679	2160
691	721
1473	2221
1135	1165
1778	1981
526	2006
480	2272
298	846
122	191
2158	2249
1138	1144
250	1277
453	1162
777	864
1600	1802
525	2592
623	1775
728	941
12	948
912	2269
1578	1636
1153	1826
415	416
1669	2438
2507	2568
22	24
164	1100
342	1327
37	1554
34	1185
668	2410
484	1527
1137	1198
120	861
595	1265
1758	1961
1312	1313
1079	2437
2291	2544
152	587
16	819
1563	1579
871	959
778	1023
261	746
327	448
884	1425
561	895
187	694
1784	1842
628	1315
858	1387
2209	2273
597	2338
88	91
652	2284
516	1287
62	1845
1204	1207
1521	2027
218	711
2100	2447
369	619
362	1329
1014	1300
472	705
67	655
218	228
1670	2212
107	424
901	1009
164	2105
1197	1200
34	55
1282	2145
1150	1318
102	1178
404	533
1924	1954
274	620
328	334
287	873
1452	2162
599	1282
1136	1328
433	864
2510	2553
806	978
233	1172
564	2401
514	1644
1749	2046
1103	1707
35	1118
1593	1594
626	628
1119	1141
975	998
299	1069
278	349
631	897
550	552
554	1726
165	1002
2432	2655
385	1003
1837	2378
300	303
801	1134
703	1032
222	349
363	570
189	1430
464	465
232	376
433	636
190	273
1790	2484
1478	1528
677	873
112	1320
717	718
1197	1328
316	1549
197	1141
56	416
363	466
1043	1636
56	634
463	560
393	582
442	1061
1685	2637
56	324
502	1567
1205	1206
772	941
1805	1863
1182	1256
899	1238
118	448
564	566
1335	1683
192	863
677	808
322	333
291	292
1067	2032
495	692
225	1317
739	740
970	1241
198	203
1460	2472
233	257
256	1045
1466	1998
1241	1242
253	259
520	722
1355	2308
459	463
1904	2421
221	1313
275	570
1783	2499
1211	1250
777	1129
161	1190
137	192
78	536
181	338
329	465
197	585
517	520
192	467
331	1044
452	1275
1241	2283
27	2566
962	2435
189	1528
969	1202
13	981
319	1272
1605	2325
463	1093
454	1125
230	2632
587	934
34	721
888	1014
1112	1190
20	792
1170	1313
424	764
422	710
1201	2314
325	698
470	941
117	225
556	856
196	203
1066	1067
729	1237
861	1198
444	2029
472	1704
324	325
131	550
73	896
451	1035
371	1057
516	880
158	888
323	1196
743	745
374	1202
1567	1621
234	236
920	1136
236	237
222	228
129	281
404	471
197	1035
249	327
242	948
872	1274
358	593
859	863
1865	2173
1264	1628
638	947
227	863
474	1080
787	788
2105	2507
1693	1754
276	328
451	519
1549	1872
1815	2066
359	1817
990	1955
200	1048
1201	1205
797	1869
1253	2499
1056	2314
818	937
1113	1291
854	1145
1959	2558
537	2534
698	724
818	1264
2432	2629
279	1330
563	825
254	1303
135	332
37	556
162	635
703	871
223	585
302	1654
617	898
416	722
644	2647
437	1103
2162	2229
233	451
193	1166
553	660
1562	2161
757	883
386	2596
458	470
275	429
1418	2123
409	440
186	858
799	856
1394	2300
596	2377
397	1186
545	715
281	1236
448	1404
1003	1064
429	1063
253	857
644	970
1676	2274
143	1103
793	2426
285	1240
857	1312
163	614
195	329
1756	2432
162	888
339	2344
256	968
902	1685
259	1317
1033	1035
169	664
656	657
883	1063
168	1611
186	572
67	371
417	842
969	1316
977	1891
563	564
200	205
181	1101
276	868
1778	2161
1330	1528
971	1175
224	2101
396	1057
149	823
198	751
92	95
1954	2293
628	630
1510	2114
658	659
1354	1965
121	255
379	380
13	14
2136	2594
1240	1277
289	997
825	827
16	1097
664	822
383	663
34	1196
1516	1523
1454	1474
425	1143
940	1977
1168	1636
143	1593
82	2607
1279	1649
103	568
1382	2431
348	986
301	562
1070	2394
540	541
1022	1145
2416	2454
126	1448
650	652
751	2608
999	1020
161	791
1343	2016
981	2221
113	1321
538	2076
1695	2439
883	1126
109	2608
1070	1076
760	1125
1553	2186
2089	2292
759	793
751	937
953	2647
402	476
434	867
1909	2389
763	2240
636	1849
906	913
2134	2361
127	1080
200	1004
2588	2628
1045	1046
842	2334
655	1141
819	1250
1090	1091
581	2422
1508	2632
536	2586
2078	2102
194	196
69	857
455	1327
955	1063
135	1060
87	589
196	197
283	959
830	833
2223	2276
858	2554
751	1535
622	695
375	376
1536	2236
1220	1221
104	185
1326	2490
130	320
1597	2484
295	1876
1664	2408
1149	1820
484	488
257	1035
377	1751
455	1112
145	875
1196	1207
1424	2519
410	525
1500	2440
39	1298
1309	1316
2453	2483
132	253
466	467
466	854
363	1236
766	1309
1945	2077
644	714
575	890
385	1097
517	1000
341	342
444	640
584	1292
465	625
757	1022
846	1202
438	692
1254	2525
1568	2644
152	1080
754	1650
418	1265
1874	2462
343	554
667	1171
376	853
853	1048
801	1125
999	1033
1357	2459
2073	2429
410	1290
142	1020
474	777
891	2576
574	2192
298	481
514	595
150	224
498	892
109	751
451	569
69	219
1543	2000
958	1442
646	1445
869	969
1450	2122
664	988
32	343
119	1136
1016	1017
1171	1315
1316	1329
722	1062
409	410
196	198
250	372
1380	2113
1347	2431
40	647
705	1343
257	1141
239	772
636	1080
1635	2660
164	280
59	559
1525	2448
384	2097
1299	1930
83	1018
1829	2600
134	1314
348	966
505	757
237	494
483	563
1261	1265
745	746
362	1119
567	1327
782	1944
750	986
245	2354
1244	1245
349	667
329	1115
40	497
333	410
1481	1584
0	1
180	1270
322	1109
73	143
109	1180
1545	2450
197	396
439	1277
404	1054
693	1824
69	132
374	519
96	2261
347	2592
150	722
673	699
636	817
140	389
746	1109
200	444
193	1277
825	832
472	498
2590	2654
346	964
387	388
585	1172
286	1203
973	974
1073	2066
1336	1539
808	945
298	519
424	851
711	1654
1144	1369
1100	1102
410	656
846	1046
91	1711
367	369
1045	1049
1661	1871
802	1304
471	1042
253	261
773	1883
451	1141
553	1329
100	459
763	1248
362	1057
12	161
360	450
1534	2224
554	1004
349	1060
1545	2503
409	571
489	1786
992	2641
301	1016
1196	1198
1346	2028
324	987
123	1118
137	657
945	2342
1128	1493
676	1920
103	119
395	1201
372	516
999	1084
192	334
731	1127
1546	2644
319	742
818	819
509	510
588	592
138	898
295	485
164	1281
888	2206
217	218
273	2375
1227	1231
481	1316
1734	2454
103	550
1458	1810
175	312
988	1093
986	1166
1406	2107
278	851
104	652
343	1275
1030	1295
891	1863
256	1292
25	319
526	1031
241	748
218	1311
1627	2643
1530	2632
100	687
482	749
653	2284
1515	2205
375	818
466	1236
710	1291
790	873
88	1711
2120	2465
613	1590
257	1046
178	182
450	711
894	2428
85	1880
336	555
364	610
1004	1048
714	1180
2064	2610
1932	2591
616	1663
72	467
310	1934
1833	2609
101	216
37	1393
972	973
1226	2556
148	449
323	1185
674	1080
822	2095
853	1067
965	2162
324	2098
608	1311
146	1012
568	608
2143	2164
200	1003
592	742
1599	2087
1042	1167
166	2020
139	2123
89	454
518	521
274	1085
483	1021
236	1147
1285	1562
819	1275
481	1202
524	1000
375	1047
222	1289
2141	2371
236	1134
178	2255
23	337
338	2344
634	937
505	847
1170	1175
846	869
2118	2539
2066	2207
659	1349
36	214
572	858
89	963
46	48
695	941
865	2498
2141	2216
1954	2294
23	180
396	492
469	1047
583	820
187	622
162	343
803	1992
1075	2437
515	791
482	860
439	441
102	105
637	640
1040	1287
71	259
888	1083
226	1205
238	742
961	1269
374	620
609	1118
437	896
1304	1330
1688	2046
1155	1283
764	2314
663	941
951	1103
550	872
286	722
1938	1959
32	611
223	1316
2114	2397
59	1033
188	2270
1303	1305
161	1265
232	1048
350	1062
285	439
116	851
1174	1545
108	442
1260	1261
1371	1733
609	1056
238	1954
25	592
1043	2129
126	192
441	1045
108	744
1143	1186
337	338
2122	2141
1009	2446
317	1907
72	262
459	687
1504	1859
298	451
243	2300
361	575
242	910
102	1263
218	224
971	1440
1091	1092
167	822
391	1283
333	889
397	2592
111	397
431	2585
1592	2646
595	771
279	621
1355	2499
216	217
129	1126
898	903
744	1172
111	612
626	1170
1175	1319
56	987
149	1129
350	634
161	534
274	519
349	1289
1220	1671
1020	1084
484	490
64	65
445	1256
269	692
279	727
132	625
1049	2175
2322	2515
258	2608
604	668
740	1153
32	158
864	1129
418	1261
1761	2478
371	396
869	1046
1435	2170
344	1281
382	663
215	556
1325	1424
2030	2217
1041	2175
1209	1211
794	795
843	1118
292	313
1052	1196
1427	1585
317	760
812	814
1205	2592
114	116
1136	1143
392	444
565	1250
82	84
329	330
1117	1119
119	450
236	590
604	660
131	1197
1897	2286
148	816
105	111
1787	2529
498	705
1142	1545
1455	2255
633	968
798	1652
408	847
1109	1290
1439	2062
1250	1275
275	781
670	1521
119	360
346	761
79	2264
768	1186
857	1137
784	929
472	941
1309	1314
869	1035
494	2314
175	1810
163	1311
676	1889
1134	1147
1844	2471
207	910
1584	2597
454	1281
657	858
21	759
596	599
47	49
208	754
382	470
1913	2560
536	537
344	801
404	920
142	559
790	808
80	2607
209	647
305	341
651	657
1665	2470
391	592
938	1766
1309	1311
481	1061
723	1185
873	1303
790	2608
1218	1222
150	714
111	113
1196	1201
190	1042
620	744
614	615
476	705
252	1167
56	1062
897	1121
762	965
988	1129
450	1404
1104	1105
1080	1129
298	1172
2608	2647
524	923
459	1105
2093	2489
256	424
1113	1119
630	631
347	612
333	852
12	514
496	2018
1063	1236
1136	1139
1864	1901
1117	1121
277	677
451	660
196	205
1059	1240
288	1129
1408	1567
750	1462
67	362
439	2029
422	582
307	311
1118	1201
35	654
330	1763
637	945
862	1063
458	941
844	1274
1732	1945
1884	2582
383	2196
67	1202
314	758
224	520
1573	2065
2195	2261
105	1663
563	1965
140	280
516	1166
222	584
364	1172
792	1279
325	2521
1025	1027
2226	2313
505	1022
461	2541
251	261
550	614
318	319
1508	2586
330	1138
630	852
633	1289
1202	1329
2044	2421
434	694
2443	2449
955	1145
997	1922
285	415
1218	1220
1599	1771
112	859
921	1053
1205	1319
1124	2366
1940	2596
88	865
586	768
585	1141
548	1330
103	844
550	651
761	2145
1074	2433
857	2554
1224	1327
409	1288
277	1663
236	454
995	1532
2304	2355
69	1198
206	2342
594	748
694	892
1555	2595
618	1128
123	552
425	453
1031	1295
323	721
838	1175
1542	1867
8	995
123	135
561	565
1842	2531
1265	1620
514	1265
32	853
498	695
123	628
87	89
101	623
843	2314
748	749
590	801
1076	1497
621	2010
644	1173
252	1654
1168	1172
404	1328
70	115
214	842
316	2061
256	1171
143	951
341	594
361	363
1981	2660
660	1119
332	584
1904	2044
364	869
118	124
2022	2049
338	1101
119	1274
525	852
1935	1979
12	1265
1014	1058
135	1292
37	215
232	661
179	181
441	633
71	669
165	353
2146	2170
557	558
1358	2397
231	1463
135	980
1420	1836
332	1351
589	597
520	1062
323	1263
872	1042
320	322
468	1052
288	664
1046	1061
1171	1289
1135	1140
507	1217
348	415
782	2121
920	2079
72	863
1143	1369
223	1172
374	569
348	449
34	1287
548	1304
1396	1460
336	2344
868	2131
445	2053
1618	2481
276	1114
433	988
869	1057
476	622
470	622
342	534
1399	2506
507	510
386	590
1194	1281
116	349
627	630
463	687
1174	1177
190	666
167	1816
515	910
107	349
333	1143
620	1329
201	2475
68	2122
588	758
216	885
1007	1862
364	1061
220	226
17	325
264	265
280	963
1951	1976
94	532
1227	2504
200	392
1044	2175
724	1066
493	1036
302	926
624	1167
19	936
453	612
1378	2115
224	1241
178	1455
239	913
525	1290
435	2585
1584	2576
393	766
224	350
344	760
505	1036
234	237
328	651
700	1101
1582	2521
647	1032
324	1535
285	880
207	1327
752	1650
900	1128
71	1204
329	1312
466	847
550	920
1217	1222
389	598
469	1241
342	1261
1112	2419
1669	2659
1085	1316
2194	2349
253	1115
60	564
1969	2049
644	1482
362	1411
1377	2481
910	1031
635	853
451	1061
687	1105
198	1264
126	631
253	465
239	892
1101	1102
771	948
427	446
102	193
793	794
1460	1832
225	1142
1162	1175
920	1114
1323	1528
781	1318
1737	1989
163	568
67	660
429	1318
397	630
665	668
1349	2075
910	1295
966	970
467	631
1014	1097
463	659
473	775
554	565
453	454
1275	1300
1818	2574
395	552
193	200
441	2029
285	713
1135	1775
1290	1293
936	966
55	285
706	1091
1057	1249
57	716
321	441
3	6
844	846
252	550
533	1274
668	1119
516	691
2284	2606
795	797
1224	2121
1463	2534
223	744
710	1309
1618	2498
1369	2098
691	1166
805	2499
450	453
286	714
397	1109
469	987
816	817
373	2156
410	586
650	1291
209	326
1	1678
177	607
173	480
981	1546
207	514
585	1494
1417	2165
1940	2630
1658	1685
691	2194
569	1035
730	741
852	1120
450	1274
704	915
603	868
212	1468
669	1174
551	571
1064	1305
195	203
1763	1846
444	2572
237	1154
1600	2543
292	2220
280	1075
936	1240
1333	2284
584	1056
278	321
1270	1272
667	968
190	872
1170	1172
106	108
250	254
1552	2349
480	1157
781	1150
703	705
600	1368
1682	2430
161	595
591	599
32	1083
272	464
1871	2013
1594	2294
397	1293
269	1637
1924	2294
285	348
757	955
127	1105
533	920
430	1238
647	2178
845	1015
365	410
671	673
914	919
222	1171
651	666
386	1281
2084	2481
281	1145
328	329
2201	2239
2148	2205
164	1153
164	2568
337	1270
993	1294
764	1118
106	133
394	1288
36	802
481	1119
1183	2390
167	463
1074	1364
582	2299
101	327
277	1303
824	826
945	1199
662	663
396	604
883	1149
2025	2044
1745	2424
56	1053
116	332
784	870
651	653
243	2195
258	1047
125	612
375	2647
322	1290
1310	1315
636	1461
278	654
138	139
584	609
193	750
1213	1252
237	730