0	1
0	1344
0	2453
0	2180
0	1934
1	1344
1	1934
1	1260
1	2453
2	4
2	735
2	7
2	1369
2	1581
3	2037
3	345
3	2335
3	2358
3	1805
4	5
4	1581
4	1369
4	7
5	1369
5	7
5	1581
5	6
6	7
6	1369
6	1581
7	1369
7	1581
8	998
8	536
8	995
8	78
8	352
9	1067
9	635
9	1003
9	385
9	68
10	1964
10	870
10	581
10	707
10	929
11	413
11	785
11	696
11	1243
11	447
12	242
12	1295
12	1163
12	1830
12	1265
13	132
13	1055
13	807
13	981
13	14
14	132
14	1055
14	981
14	807
15	2168
15	62
15	16
15	1273
15	1247
16	1064
16	200
16	444
16	376
16	1275
17	1099
17	1066
17	639
17	1232
17	555
18	577
18	1102
18	2114
18	1741
18	1233
19	880
19	884
19	2615
19	2213
19	713
20	387
20	758
20	596
20	1279
20	86
21	2344
21	597
21	759
21	87
21	1280
22	316
22	794
22	962
22	865
22	88
23	598
23	760
23	89
23	1147
23	1281
24	599
24	2344
24	761
24	90
24	1282
25	600
25	762
25	91
25	1283
26	229
26	1145
26	493
26	39
26	1126
27	29
27	31
27	2376
27	1533
27	28
28	31
28	29
28	1533
28	2376
29	1734
29	30
29	1533
29	31
30	1533
30	31
31	2065
31	1533
32	33
32	232
32	1250
32	1275
32	853
33	1252
33	1276
33	690
33	1213
34	2468
34	632
34	1040
34	1196
34	36
35	552
35	1210
35	1056
35	633
35	764
36	38
36	214
36	727
36	279
37	1634
37	856
37	215
38	385
38	1003
38	158
38	635
38	68
39	1145
39	229
39	1126
39	493
40	1255
40	911
40	1032
40	326
40	43
41	2089
41	994
41	170
41	42
42	1429
42	43
42	2002
42	2089
43	1106
43	2180
43	1811
44	97
44	45
44	1386
44	1643
44	1466
45	2439
45	2579
45	2099
45	1609
46	48
46	49
46	47
46	1611
46	50
47	2121
47	51
47	1611
47	49
48	51
48	2121
48	1611
48	49
49	51
49	1675
49	1611
50	1611
51	2121
51	1611
52	535
52	1164
52	53
52	54
52	144
53	1334
53	2449
53	146
53	54
54	128
54	2038
54	1419
55	1287
55	880
55	1178
55	56
55	1240
56	2536
56	1180
56	1241
56	644
57	875
57	145
57	773
57	1555
57	734
58	833
58	1228
58	2646
58	1226
58	774
59	1673
59	1417
59	407
59	1157
59	173
60	1026
60	76
60	2573
60	564
60	176
61	462
61	2289
61	1068
61	539
61	354
62	2282
62	2054
62	1247
62	1273
63	1306
63	2045
63	2060
63	678
63	2529
64	2143
64	66
64	709
64	65
64	708
65	66
65	379
65	708
65	709
66	2524
66	381
66	172
66	1588
67	451
67	1329
67	620
67	1249
67	2394
68	1003
68	158
68	385
68	635
69	858
69	120
69	859
69	72
69	857
70	2041
70	1792
70	1117
70	122
70	71
71	2059
71	124
71	110
72	897
72	839
72	858
72	859
73	1802
73	593
73	951
73	1086
73	437
74	835
74	646
74	958
74	76
74	573
75	756
75	1888
75	2018
75	76
76	2573
76	1026
77	537
77	536
77	79
77	78
77	1450
78	79
78	352
78	536
79	536
79	537
79	1450
80	1410
80	2106
80	1122
80	1191
80	1071
81	1076
81	2428
81	83
81	1541
81	1072
82	671
82	1192
82	83
82	1123
83	1193
83	1124
83	1073
83	672
84	801
84	1194
84	1125
84	1075
84	673
85	2156
85	895
85	1576
85	2280
85	1435
86	87
86	90
86	758
86	1279
87	89
87	759
87	1280
87	91
88	865
88	91
88	794
89	90
89	1281
89	760
90	761
90	91
90	1282
91	762
91	1283
92	532
92	531
92	94
92	93
92	95
93	99
93	98
93	531
93	95
94	2641
94	973
94	532
94	95
95	532
95	531
96	2641
96	98
96	99
96	97
97	98
97	99
98	2641
98	99
99	2641
100	560
100	934
100	149
100	822
100	1129
101	111
101	650
101	2074
101	1195
101	1291
102	110
102	449
102	1166
102	1196
103	1167
103	276
103	651
103	550
103	1197
104	1168
104	652
104	551
104	1198
104	112
105	1169
105	2074
105	277
105	1199
106	121
106	330
106	653
106	1200
106	1170
107	278
107	654
107	1201
107	1292
107	552
108	451
108	1172
108	655
108	553
108	1202
109	258
109	1173
109	1203
109	2074
109	224
110	124
110	1204
110	1174
111	1175
111	1001
111	656
111	1293
111	1205
112	126
112	1176
112	1206
112	657
113	263
113	228
113	1177
113	1207
114	807
114	126
114	120
114	192
114	613
115	116
115	117
115	122
115	191
116	851
116	123
116	1292
116	609
117	124
118	125
118	448
118	1113
118	1195
119	1136
119	1197
119	276
119	1114
120	2064
120	409
120	126
121	1138
121	1200
121	1116
122	191
122	1139
122	1117
123	1140
123	1201
123	1118
123	278
124	1142
124	1204
125	1143
125	1205
125	1120
125	410
126	1121
126	839
126	859
127	560
127	1237
127	463
127	2507
127	822
128	2060
128	1011
128	1986
128	2289
128	1008
129	493
129	466
129	1036
129	505
129	229
130	133
130	650
130	327
130	1113
130	136
131	276
131	1114
131	328
131	651
132	1115
132	329
132	652
132	137
133	221
133	653
133	1116
133	330
134	627
134	1209
134	1117
134	331
135	278
135	764
135	1118
135	332
135	654
136	226
136	1120
136	333
136	656
137	334
137	1121
137	657
138	140
138	141
138	1023
138	139
138	2076
139	140
139	826
139	141
139	2076
140	344
140	317
140	1125
140	1194
140	2370
141	459
141	2076
142	1084
142	2276
142	143
142	370
142	480
143	1954
143	593
143	605
143	1103
143	1146
144	715
144	146
144	545
144	1164
145	734
145	146
145	716
145	1555
146	1294
146	2588
147	2612
147	1718
147	1223
147	1702
147	1326
148	449
148	415
148	149
148	151
148	150
149	822
149	934
149	1129
149	151
150	375
150	416
150	151
151	377
151	1129
152	822
152	560
152	474
152	463
153	1965
153	1714
153	188
153	2521
153	2078
154	1696
154	2109
154	658
154	904
154	527
155	2614
155	2490
155	411
155	156
155	157
156	411
156	412
156	2490
156	157
157	2614
157	411
157	2490
158	1003
158	635
158	385
159	2291
159	813
159	814
159	1598
159	549
160	949
160	161
160	2652
160	1993
160	1394
161	482
161	455
161	1031
161	948
161	1224
162	853
162	2250
162	1048
162	392
162	1004
163	533
163	164
163	2607
163	1328
163	844
164	866
164	1626
164	1147
165	541
165	355
165	538
165	540
165	544
166	765
166	548
166	619
166	189
166	417
167	463
167	729
167	169
167	659
168	811
168	849
168	2127
168	991
168	2161
169	664
169	729
169	864
169	636
170	1426
170	994
170	2290
170	2437
171	172
171	2395
171	1806
171	379
171	378
172	1588
172	1569
172	2031
172	381
173	2012
173	2539
173	175
173	1157
174	2130
174	821
174	2539
174	2012
175	2012
175	1157
175	2539
176	2130
176	2539
176	2012
177	804
177	787
177	899
177	430
177	1238
178	338
178	697
178	181
178	1098
178	335
179	182
179	555
179	698
179	1099
179	336
180	1270
180	699
180	386
180	1100
180	337
181	335
181	1101
181	338
181	700
182	701
182	339
182	2030
182	1102
183	184
183	2004
183	688
183	982
183	2522
184	1450
184	2156
184	1368
185	858
185	857
185	2064
185	186
186	859
186	839
186	897
186	858
187	941
187	402
187	210
187	498
187	913
188	509
188	512
188	511
188	2230
188	431
189	504
189	621
189	765
189	548
190	608
190	2172
190	1054
190	550
191	1117
191	1139
192	613
192	1144
192	839
193	449
193	1040
193	1059
193	372
193	439
194	252
194	276
194	1274
194	450
194	1042
195	409
195	551
195	253
195	440
195	1043
196	1210
196	373
196	1060
196	1045
196	441
197	451
197	1046
197	442
197	1061
197	374
198	2134
198	1047
198	443
198	1062
198	375
199	200
199	279
199	2409
199	214
200	452
200	1048
200	1064
200	376
200	444
201	441
201	373
201	204
201	377
202	203
202	205
202	2515
203	2515
203	2521
203	205
203	1476
204	441
204	377
204	373
205	1476
206	1066
206	2559
206	1067
206	2325
206	414
207	1443
207	2555
207	2423
207	482
207	455
208	765
208	1330
208	1304
208	504
208	417
209	959
209	662
209	210
209	871
209	497
210	498
210	476
210	695
210	458
210	950
211	2408
211	1820
211	212
212	1820
212	479
213	1407
213	2217
213	1696
213	1967
213	1824
214	279
214	1430
214	2141
215	1161
215	2141
215	856
215	1430
216	228
216	650
216	226
216	249
216	1165
217	225
217	952
217	966
217	1166
217	250
218	550
218	276
218	1167
218	651
218	252
219	1168
219	657
219	253
219	652
219	227
220	1199
220	277
220	254
220	1169
221	1200
221	1170
221	255
221	653
222	278
222	1210
222	1171
222	256
222	654
223	553
223	969
223	257
223	655
223	1172
224	1203
224	953
224	1173
224	258
224	970
225	1204
225	1174
225	259
226	746
226	971
226	1175
226	261
226	656
227	652
227	1176
227	657
227	262
228	1374
228	1207
228	1177
228	263
229	1036
229	493
229	1126
229	505
230	2181
230	1609
230	2439
230	776
230	231
231	1324
231	2439
231	2181
231	1609
232	853
232	376
232	452
233	1597
233	519
233	1202
233	660
233	620
234	758
234	737
234	1268
234	387
234	960
235	759
235	961
235	738
235	1269
235	388
236	760
236	740
236	1270
236	389
236	963
237	761
237	741
237	1271
237	390
237	964
238	762
238	742
238	391
238	1272
238	965
239	728
239	892
239	913
239	420
239	240
240	1702
240	533
240	868
240	920
241	495
241	270
241	594
241	242
241	496
242	1190
242	271
242	595
242	514
243	1025
243	1009
243	2143
243	2600
244	1156
244	1911
244	245
244	2509
244	2090
245	542
245	1911
245	2509
245	2090
246	2361
246	1388
246	1712
246	623
246	2237
247	1388
247	1712
247	2237
247	1599
248	1471
248	1182
248	1214
248	1256
248	445
249	422
249	1165
249	650
249	393
250	1166
250	966
250	372
250	1059
251	1785
251	1818
251	256
251	1647
251	252
252	1167
252	651
252	550
252	276
253	394
253	551
253	262
254	1169
254	277
255	1785
255	653
255	1170
256	1060
256	395
256	1210
256	552
257	374
257	1061
257	396
257	553
258	1173
258	970
258	1062
258	375
259	1142
259	1174
260	263
260	629
260	745
261	1175
261	656
261	971
261	397
262	657
262	1176
263	1207
263	1177
264	265
264	266
264	1646
264	267
264	268
265	1646
265	266
265	1723
265	268
266	267
266	1646
266	268
267	1646
267	268
268	1646
269	534
269	496
269	271
269	270
269	495
270	534
270	594
270	496
270	271
271	860
271	514
271	534
271	771
272	275
272	298
272	274
272	954
272	887
273	274
273	885
273	2338
273	1274
273	568
274	885
274	1249
274	298
274	569
275	781
275	1690
275	955
275	757
275	570
276	550
276	1042
276	651
276	1167
276	1114
277	1199
277	1169
278	1045
278	654
278	1210
278	1118
278	1171
279	2409
280	866
280	1147
280	2370
281	1145
281	493
281	862
281	1126
282	2045
282	283
282	1306
282	284
283	836
283	284
283	959
284	783
284	406
284	992
285	1052
285	750
285	348
285	1287
285	723
286	469
286	714
286	1053
286	751
286	350
287	2414
287	808
287	790
287	2275
287	1431
288	934
288	822
288	560
288	1129
288	729
289	922
289	303
289	1332
289	1918
290	312
290	924
290	291
290	561
290	1016
291	312
291	518
291	1016
291	924
292	521
292	313
292	926
292	1019
293	2559
293	890
293	763
293	575
293	1735
294	485
294	295
294	484
294	297
294	296
295	484
295	485
295	296
295	297
296	1873
296	488
296	297
297	484
297	489
298	885
298	1249
298	569
299	2273
299	805
299	1879
299	1916
300	438
300	616
300	748
300	922
300	303
301	1016
301	924
301	312
301	518
302	926
302	313
302	521
303	419
303	1668
304	834
304	692
304	401
304	305
305	834
305	526
305	748
306	2151
306	2299
306	2028
307	308
307	1226
307	311
307	309
307	310
308	1778
308	310
308	311
308	1337
309	2341
309	2276
309	311
309	310
310	1562
310	311
310	1218
311	2307
311	1219
312	313
312	518
312	1016
312	924
313	2570
313	1019
313	926
314	1151
314	792
314	960
314	737
314	588
315	1152
315	793
315	738
315	589
315	961
316	1133
316	794
316	739
316	962
317	344
317	795
317	963
317	590
317	740
318	1154
318	796
318	741
318	964
318	591
319	1155
319	797
319	742
319	965
319	592
320	623
320	766
320	448
320	2483
320	322
321	395
321	1289
321	584
321	1171
321	628
322	838
322	630
322	1001
322	768
322	453
323	2159
323	468
323	1263
323	324
323	2302
324	2159
324	1264
324	921
324	2302
325	2302
325	724
325	555
326	401
326	1255
326	1032
326	1836
327	331
327	1981
327	330
327	333
328	331
328	332
329	333
329	334
330	1981
330	331
331	1981
331	332
332	1981
334	657
335	697
335	338
335	1098
336	339
336	698
336	1099
336	1978
337	1978
337	699
337	1100
337	386
338	700
338	1101
339	1978
339	1365
339	701
339	1102
340	2424
340	2589
340	2287
340	2437
340	2228
341	910
341	342
341	748
341	1259
341	616
342	1261
342	910
342	1327
342	749
343	635
343	1067
344	590
344	1134
344	740
344	963
345	2358
345	346
345	1864
345	2591
345	800
346	1369
346	2591
346	1864
346	494
347	1293
347	971
347	746
347	768
347	525
348	1059
348	372
348	439
349	1060
349	843
349	373
349	441
350	375
350	2346
350	443
351	1433
351	355
351	357
351	356
351	2353
352	975
352	998
352	995
353	2245
353	544
353	354
353	1538
353	2367
354	1068
354	1538
354	2245
355	1469
355	357
355	356
355	1002
356	1469
356	972
356	357
357	2263
357	1469
358	431
358	1765
358	896
358	2618
358	686
359	606
359	2020
359	2183
359	2601
359	908
360	363
360	1328
360	2279
360	1629
360	362
361	363
361	362
361	2279
361	1629
362	363
362	2279
362	1629
363	1150
363	429
363	1149
364	1329
364	846
364	1202
364	365
365	1186
365	630
365	1290
365	852
366	1910
366	1094
366	368
366	367
366	1299
367	1520
367	1910
367	1095
367	368
368	423
368	369
368	1910
369	417
369	2409
369	1304
369	1910
370	1033
370	371
370	559
370	1084
370	480
371	1035
371	481
371	1085
371	1057
371	519
372	1040
372	449
372	439
372	1059
373	424
373	1210
373	441
373	1060
374	1046
374	451
374	442
374	1061
375	443
375	1062
375	1047
376	452
376	1211
376	1064
376	444
377	441
377	1060
378	662
378	381
378	379
378	380
379	381
379	380
380	2395
380	381
381	1569
381	2031
382	694
382	772
382	663
382	892
382	470
383	772
383	906
383	892
383	695
383	663
384	475
384	912
384	915
384	704
384	2341
385	1003
385	635
386	1270
386	699
386	1100
387	588
387	1268
387	792
387	596
388	589
388	1269
388	793
388	597
389	590
389	795
389	1270
389	598
390	591
390	1271
390	796
390	599
391	592
391	1272
391	797
391	600
392	1048
392	1067
393	397
393	523
393	766
393	582
394	652
394	397
395	1060
395	424
395	968
395	584
396	1061
396	585
396	744
396	969
397	768
397	525
397	746
397	971
397	586
398	705
398	400
398	434
398	399
398	941
399	996
399	400
400	2625
400	928
400	1451
401	692
401	1130
401	748
401	1106
402	476
402	498
402	695
402	622
402	728
403	500
403	2260
403	1666
403	2653
404	471
404	550
404	533
404	920
404	868
405	980
405	843
405	1330
405	406
406	1608
406	1330
406	2259
407	1020
407	820
407	1033
407	1104
408	1145
408	493
408	862
409	1115
409	1055
409	1137
409	551
410	1001
410	656
410	1143
410	1120
411	2087
411	412
412	2062
412	2087
413	696
413	1243
413	447
413	785
414	578
414	1252
414	2325
414	1530
415	416
415	1822
415	884
415	936
415	1277
416	1700
416	937
416	1822
416	1278
417	842
417	1304
417	765
417	504
418	2333
418	1030
418	749
418	419
419	1596
419	977
419	1457
420	906
420	892
420	772
420	694
421	473
421	2482
421	775
421	2432
421	848
422	425
422	1135
422	582
423	2063
423	424
423	855
424	1140
424	441
424	1060
425	1143
425	586
425	1001
426	2322
426	1256
426	2002
426	427
426	1477
427	2226
427	446
427	2002
427	1477
428	447
428	1243
428	785
429	1126
429	1145
429	493
430	1514
430	787
430	1238
430	899
431	1230
431	1714
431	2230
431	432
432	2230
432	977
432	1517
432	2620
433	463
433	934
433	1237
433	674
434	906
434	622
434	695
434	498
435	1680
435	479
435	1871
436	2355
436	1545
436	2116
436	2000
436	2387
437	593
437	1995
437	1086
437	951
438	1258
438	2230
438	2266
438	1130
438	580
439	449
439	1059
439	1040
440	1043
440	551
441	1210
441	1060
441	1045
442	451
442	1046
442	1061
443	2134
443	1047
443	1062
444	452
444	1048
444	1064
445	446
445	1182
445	1214
445	1256
446	977
446	1399
446	1861
447	1243
447	696
447	785
448	2409
448	449
448	453
448	2543
449	1040
449	1059
450	550
450	1042
451	1046
451	1061
452	1064
453	1049
453	1293
454	1153
454	1270
454	598
454	795
455	482
455	1224
455	948
455	1031
456	1657
456	2143
456	1369
456	1794
456	1984
457	702
457	1418
457	1434
457	1574
457	681
458	694
458	498
458	728
458	950
459	463
459	659
459	823
459	687
460	828
460	2593
460	1899
460	1818
460	2477
461	2329
461	2138
461	1568
461	1697
461	1358
462	941
462	1971
462	539
462	1454
463	823
463	560
463	822
464	1036
464	1035
464	466
465	861
465	863
465	467
466	505
466	862
466	1036
467	572
467	1144
467	861
467	863
468	632
468	986
468	952
468	1263
469	634
469	987
469	953
469	1264
470	498
470	906
470	772
470	663
471	872
471	2094
471	550
471	1054
472	892
472	728
473	1919
473	2432
473	775
473	848
474	560
474	2240
474	729
475	476
475	2554
475	2582
475	2341
475	1484
476	906
476	950
476	694
476	622
476	695
477	2278
477	2350
477	2405
477	2463
477	487
478	1484
478	2582
478	2306
479	1748
479	1484
479	2582
480	1084
480	1033
480	876
481	1085
481	1057
481	1035
481	519
482	1295
482	948
482	1327
482	1031
483	2166
483	1021
483	825
483	1301
483	1708
484	1473
484	489
484	485
484	488
485	488
485	489
486	491
486	489
486	490
487	488
487	1410
487	2106
487	2192
488	489
489	490
491	994
492	1035
492	1126
492	493
493	862
493	1126
494	2579
494	1485
494	2062
494	2489
495	594
495	496
496	514
496	594
497	498
497	500
497	662
497	871
498	622
498	695
498	906
498	772
499	1915
499	1483
499	1748
500	2260
500	2046
501	1267
501	1494
501	502
501	942
501	2017
502	2078
502	1494
502	2017
502	1285
503	1494
503	2017
503	2198
503	1738
503	2175
504	548
504	765
504	1304
505	1126
505	1036
506	1951
506	2510
506	2461
506	2052
506	2243
507	2537
507	511
507	1217
507	510
507	509
508	509
508	510
508	511
508	1218
508	1229
509	511
509	1219
509	1230
509	510
510	1231
510	512
510	511
511	2537
511	512
512	2537
513	1226
514	860
514	534
514	595
514	771
515	1110
515	526
515	1385
515	1112
516	1040
516	2231
516	632
517	522
517	1000
517	2425
517	1015
517	923
518	562
518	1016
518	924
519	553
519	1119
519	1057
519	1141
520	2231
520	1047
520	634
521	566
521	1019
521	926
522	2306
522	927
523	525
523	768
523	582
523	766
524	1000
524	967
524	767
524	743
525	746
525	971
525	768
526	1112
526	1190
526	771
526	534
527	530
527	528
527	529
527	1656
528	1656
528	1410
528	2498
528	529
529	530
529	1656
529	2498
530	1369
530	1531
530	1656
531	532
531	972
532	973
532	1235
533	711
533	868
533	603
533	920
534	595
534	860
534	771
535	1593
535	2283
535	715
536	537
536	1450
537	1450
538	539
538	541
538	540
538	544
539	1146
539	540
540	2177
540	541
541	2177
542	1761
542	543
542	2386
542	2251
543	2281
543	2386
543	2251
543	908
545	783
545	546
545	1164
546	1883
546	2401
546	1266
547	1845
547	765
547	548
547	1367
548	1304
548	765
549	1598
549	2272
549	814
549	813
550	651
550	1054
551	652
551	1055
552	654
552	1210
552	1056
553	1061
553	1057
553	655
554	1064
554	1211
554	1058
554	1472
555	1066
555	639
556	1914
556	837
556	1463
556	947
556	558
557	2280
557	1463
557	1914
557	558
558	947
558	1463
558	1914
559	562
559	1020
559	566
559	820
560	822
561	563
561	1793
561	562
562	566
562	1016
562	924
563	565
563	1793
563	1017
563	1021
563	925
564	1332
564	2566
564	1026
564	2573
565	566
565	1793
566	1793
566	926
567	749
567	1295
567	1030
568	872
568	2338
568	569
568	1274
569	954
569	1249
570	1690
570	757
570	955
570	781
571	1137
571	572
571	1115
571	2064
572	1144
572	859
572	1121
572	839
573	1786
573	835
573	1029
573	958
574	1881
574	2462
574	1872
574	2207
574	1749
575	578
575	763
575	890
575	577
576	579
576	1066
576	578
576	1232
577	890
577	579
577	578
577	1233
578	2406
578	579
579	2066
580	2266
580	2230
580	692
581	784
581	870
581	707
581	929
582	586
582	2563
582	766
583	585
583	2232
583	2563
583	999
584	1292
584	968
584	1060
585	1061
585	744
585	969
586	1001
586	746
586	971
587	1237
587	1129
587	2597
588	1268
588	960
588	737
588	792
589	1269
589	961
589	738
589	793
590	1270
590	963
590	740
590	795
591	1271
591	796
591	741
591	964
592	1272
592	965
592	742
592	797
593	1146
593	1086
594	771
594	595
595	1190
595	771
596	1151
596	1268
596	792
597	600
597	1152
597	1269
597	793
598	740
598	1153
598	1270
598	795
599	600
599	1154
599	796
599	1271
600	1155
600	1272
600	797
601	1243
601	2612
601	602
601	2082
602	1243
602	784
602	2612
602	2082
603	920
603	711
603	844
603	604
604	1061
604	846
604	2117
605	686
605	1146
605	1103
605	1429
606	731
606	898
606	607
606	1502
606	1023
607	787
607	804
607	899
607	1024
608	612
608	611
608	610
608	609
609	611
609	612
609	610
610	612
610	611
610	2488
611	1905
611	1631
611	2488
612	2488
612	1631
612	613
613	1144
614	2238
614	1677
614	615
614	2520
615	2530
615	2238
615	1677
615	2520
616	1163
616	860
616	2273
617	732
617	2613
617	731
617	1764
617	618
618	900
618	2613
618	1764
618	732
619	1330
619	809
619	1107
620	2412
620	660
620	2546
621	712
621	765
622	694
622	950
622	695
622	906
623	627
623	626
623	630
624	1136
624	628
625	630
625	631
626	1138
626	627
627	1044
627	1139
629	745
630	1109
630	1186
631	810
631	1144
632	1059
632	1040
633	1118
633	1210
633	764
634	1047
634	1062
635	1003
636	1093
636	664
636	1080
636	864
637	808
637	1081
637	790
637	640
638	864
638	1080
638	1096
638	1082
639	645
639	1232
640	1081
640	1250
640	1097
640	1083
641	2189
641	1284
641	658
641	2400
641	1909
642	2556
642	1427
642	1286
642	1037
642	786
643	2528
643	645
643	644
643	2656
643	2069
644	2536
644	1180
644	1241
645	648
645	1181
645	1242
646	647
646	2566
646	958
646	835
647	959
647	836
647	911
647	2461
648	1178
648	1813
648	1242
648	1181
649	685
649	882
649	1248
649	1750
649	1257
650	1135
650	1113
650	1195
650	1165
651	1114
651	1197
651	1167
652	1198
652	1176
652	1168
652	657
653	1138
653	1116
653	1200
653	1170
654	1210
654	1201
654	1171
655	1141
655	1119
655	1202
655	1172
656	1143
656	1120
656	1205
656	1175
657	1168
657	1206
657	1176
658	1909
658	1525
658	972
658	2109
658	659
659	823
659	729
660	1119
660	1597
660	1202
661	1472
662	2268
662	663
662	2046
663	772
663	892
664	777
664	1080
664	864
665	667
665	666
665	1436
665	669
665	668
666	669
666	668
666	1580
666	667
667	1580
667	669
667	668
668	1436
668	1580
668	669
669	1580
669	1436
670	671
670	1602
670	1079
670	2428
670	1070
671	672
671	2428
671	1192
671	1123
672	1193
672	1124
672	1073
673	801
673	1194
673	1125
673	1075
674	1852
674	2575
674	1402
674	1237
675	2426
675	2143
675	676
675	2485
675	2501
676	708
676	2143
676	2189
676	2426
677	790
677	1303
677	2616
677	1633
678	1469
678	2263
678	2357
678	1828
679	919
679	918
679	916
679	1854
679	915
680	896
680	2230
680	686
680	931
680	1215
681	1632
681	1418
681	1434
681	1574
682	2210
682	684
682	1351
682	2472
682	683
683	1630
683	684
683	1351
683	2472
684	1005
684	1351
684	1568
684	1496
685	1257
685	882
685	2095
685	2366
686	1146
686	1990
686	896
687	822
687	823
688	2004
688	689
688	690
688	2522
689	2543
689	1348
689	2134
689	690
689	1755
690	2134
690	1213
690	1252
691	1277
691	713
691	884
691	1052
692	2230
692	693
693	1187
693	1390
693	2506
694	906
695	906
695	950
696	785
696	1243
697	701
697	1098
697	700
698	1181
698	701
698	1099
699	1270
699	1100
700	701
700	1101
701	1102
702	1782
702	704
702	703
702	706
702	705
703	704
703	706
703	705
704	706
704	2341
705	706
706	1434
707	784
707	929
707	870
708	2143
708	2180
708	709
709	2180
710	885
710	711
710	1906
711	872
712	1773
712	765
713	2152
713	884
714	751
714	1053
714	1776
714	2152
715	2388
715	716
715	717
715	718
716	2388
716	875
716	717
716	718
717	876
717	2388
717	718
718	1469
718	2388
719	1712
719	1997
719	720
719	2654
719	1416
720	1712
720	1997
720	2654
720	1416
721	1185
721	880
721	1590
721	722
722	921
722	1590
722	2149
723	2145
723	1706
723	880
723	1287
724	2145
724	1706
725	2198
725	1913
725	2585
725	726
725	2518
726	1913
726	2198
726	1050
726	2585
727	2043
727	1803
728	892
730	1422
730	2606
730	1860
731	2014
731	898
731	732
731	733
732	2014
732	733
732	900
733	1764
733	1565
733	1829
734	875
734	773
734	1555
735	736
735	2170
735	2449
735	2044
736	2170
736	2449
736	2044
736	886
737	792
737	960
738	793
738	961
739	1650
739	794
739	962
740	795
740	963
741	796
741	964
742	797
742	965
743	747
743	1000
743	967
743	767
744	969
745	746
745	766
746	971
746	768
747	2432
747	766
747	1921
748	749
748	1106
749	791
749	910
749	1030
750	884
750	1052
750	751
751	1958
751	1053
752	755
752	2436
752	1730
752	754
752	2303
753	754
753	2436
753	845
753	2303
754	1330
754	1323
754	802
754	809
755	1730
755	2436
755	2303
756	959
756	1912
756	1786
756	2048
756	2295
757	1690
757	781
757	955
758	1268
758	1279
759	762
759	1280
760	1270
760	1281
761	762
761	1282
762	1283
763	1735
763	2559
763	890
764	1210
764	1045
766	768
767	1000
767	967
768	971
769	1696
769	1477
769	2179
769	2322
769	770
770	2002
770	2179
770	841
770	2322
771	1190
771	860
772	906
773	1739
773	2113
773	1555
774	1739
774	2646
774	2113
775	1373
775	1632
775	848
776	1324
776	1509
776	1774
776	2628
777	988
777	864
777	1080
778	812
778	1598
778	1128
778	1127
778	779
779	1431
779	1127
779	1128
780	2262
780	2398
780	913
780	867
781	1236
781	955
782	2609
782	2326
782	1627
782	783
782	1307
783	2609
783	2073
783	1627
783	1308
784	870
784	929
785	1243
786	1447
786	1286
786	2381
786	1524
787	1238
787	899
787	804
788	805
788	789
788	804
789	1511
789	1376
789	805
790	873
790	1425
790	808
790	1876
791	860
791	910
791	1327
792	1268
792	1151
793	1269
793	1152
794	1650
794	962
795	1153
795	1270
796	1271
796	1154
797	1272
797	1155
798	2037
798	801
798	799
798	800
799	2037
799	1073
799	801
799	800
800	2037
800	801
801	1075
802	809
802	1330
803	941
803	1960
803	1414
803	1684
804	1024
804	899
805	1027
806	807
806	808
806	1184
806	809
806	978
807	810
808	1081
809	1330
811	1901
811	814
811	2291
811	1598
812	2160
812	814
812	1901
812	2291
812	1598
813	2291
813	1598
813	814
814	2291
814	1598
815	2055
815	2334
815	1952
815	2569
815	2471
816	1676
816	819
816	818
816	2657
816	2458
817	2507
817	988
817	2458
817	2657
818	1940
818	819
818	2458
818	2657
819	1940
819	2458
819	2657
820	999
820	1104
820	1020
821	822
821	1340
821	1825
821	1341
822	934
823	2507
824	825
824	826
824	831
824	828
824	2296
825	826
825	828
825	831
825	1021
826	828
826	830
826	2296
826	831
827	828
827	902
828	832
828	2296
828	1899
829	2296
829	830
829	831
830	2296
830	833
830	831
831	2560
831	2296
832	833
832	2296
833	2560
833	2296
834	1857
834	2028
834	1163
835	836
835	1336
835	958
836	2061
836	1336
836	2461
836	959
837	838
837	947
837	1096
838	1290
838	1293
839	859
840	2136
840	1867
840	993
840	1294
840	841
841	1264
841	1795
841	1263
842	1304
843	1045
843	1289
844	1357
844	846
845	847
845	1357
845	846
846	847
846	1357
847	1145
847	1298
847	1149
847	1150
848	2101
848	2584
849	2161
849	850
849	2579
849	991
850	2151
850	2489
850	2299
850	1857
850	2579
851	1292
851	1289
852	1001
852	1293
853	1853
853	1663
853	1300
854	1298
854	883
855	2246
855	946
855	1995
855	856
856	2313
856	2158
857	859
857	858
857	897
858	859
858	897
859	897
860	1190
861	863
862	1145
862	1126
864	1080
865	1133
865	962
866	963
866	1153
866	1147
867	2107
867	913
867	2262
867	2398
868	1744
868	869
868	920
869	2122
869	1744
870	2129
870	929
871	2129
871	1754
871	930
872	2293
873	1518
873	1675
874	1609
874	2439
874	2400
874	1643
874	1448
875	1555
875	877
876	878
876	877
877	878
877	1415
878	2586
878	2554
879	2500
879	951
879	1086
880	1412
880	884
880	1287
881	2496
881	2516
881	1567
881	1578
882	1248
882	1179
882	1257
883	955
884	952
884	1277
885	2459
885	2448
885	888
885	889
885	887
886	889
886	2459
886	2448
886	1620
887	889
887	888
887	954
888	2459
888	1620
888	1275
888	1250
889	1162
889	2338
889	2448
890	1735
891	2176
891	1816
891	905
891	1156
891	2403
893	2002
893	2574
893	1632
894	981
894	2076
894	895
894	1359
895	924
896	1995
896	1422
896	1694
898	899
898	903
898	901
898	1023
898	900
899	1238
899	1024
900	901
900	903
901	903
901	1025
902	903
902	1502
904	2662
904	1552
904	1682
904	1696
904	1959
905	1527
905	974
905	1156
907	1728
907	2150
907	1442
907	2554
908	2197
908	2183
908	1345
909	1822
909	2339
909	2467
909	1945
910	1327
911	1969
911	1159
911	913
911	1522
912	1522
912	1969
912	2341
913	1522
914	915
914	918
914	916
914	2557
914	919
915	919
915	2557
915	916
915	2341
916	1758
916	2557
916	919
916	918
917	918
917	919
917	2557
918	919
918	2557
919	2557
921	1867
921	1264
922	1370
922	2230
922	1259
923	1780
923	927
923	2425
923	1015
924	1016
925	1370
925	2611
925	1021
925	1017
926	1019
927	1370
927	2611
928	1492
928	1701
928	1640
928	2352
928	1405
930	1964
931	1215
931	2622
931	2258
932	2367
932	933
932	2020
932	1775
933	2367
933	1775
933	2020
934	1129
935	1565
935	1966
935	1366
935	1508
936	2045
936	2378
936	2241
936	1277
937	2241
937	2378
937	1278
938	1850
938	1899
938	2100
938	2115
938	1252
939	997
939	1255
939	1208
939	1254
940	2435
940	2498
940	2015
940	1346
940	1817
941	944
941	2610
941	943
942	944
942	2610
942	943
943	1619
943	2610
943	944
944	2610
945	1463
945	947
945	946
946	947
948	1031
948	1224
949	1394
949	1821
949	2253
949	1993
949	2392
951	2013
951	1086
951	1424
952	1287
952	1196
953	1047
953	1264
953	1203
954	2636
954	955
955	1236
956	1925
956	1456
956	2636
956	957
957	1925
957	1456
957	1638
957	2636
958	1661
958	1029
959	1661
960	1151
961	1152
962	1133
963	1153
964	1154
965	1155
966	1185
966	1059
967	2254
967	1000
968	1060
969	1061
970	2134
970	1062
972	974
972	1909
973	1909
973	1235
974	2109
974	1909
975	1747
975	977
976	1939
976	1674
976	2659
976	977
977	2230
977	1674
978	1930
978	1798
978	980
978	979
979	1798
979	980
981	2632
982	2004
982	2522
983	2171
983	985
983	1469
983	2194
983	1516
984	1924
984	2263
984	985
984	2171
984	1469
985	1516
985	2171
985	1469
986	987
986	2319
986	1263
987	2319
987	1264
988	2143
988	2548
989	1578
989	2218
989	2080
989	2496
989	990
990	1724
990	1578
990	2080
990	2496
991	2127
991	2161
992	994
992	1470
992	2315
992	993
993	1470
993	1331
993	2315
994	1470
994	2273
994	2315
995	2186
995	998
996	1778
997	2341
998	1331
998	1495
999	1000
999	1020
999	1705
1001	1205
1002	2112
1002	2581
1002	2446
1002	1603
1003	1211
1004	1616
1004	2602
1004	2470
1005	1936
1005	1630
1005	1496
1005	2210
1006	1011
1006	1007
1006	1008
1006	1009
1006	2605
1007	1008
1007	1009
1007	2605
1008	1009
1008	2605
1008	1011
1009	2605
1009	1010
1010	1011
1010	2605
1011	2605
1012	1266
1012	1883
1012	1013
1012	2372
1013	2289
1013	2606
1013	2372
1014	2601
1014	1064
1014	2132
1015	1017
1015	1338
1015	2425
1017	2008
1017	1338
1017	1021
1018	2008
1018	2158
1018	1019
1020	1104
1022	1318
1022	1063
1023	1024
1023	1025
1023	1027
1024	2247
1025	2226
1025	1027
1026	1332
1026	2573
1027	2226
1028	1034
1028	2119
1028	2590
1028	1615
1028	1874
1029	2119
1029	1893
1029	2566
1030	1163
1030	1261
1031	1224
1032	2180
1032	1255
1033	1035
1033	1039
1033	1038
1034	2369
1034	1035
1034	1039
1034	1038
1035	1036
1035	1039
1037	1427
1037	1039
1038	1039
1039	2369
1040	1059
1041	1049
1041	1046
1041	1919
1041	1044
1042	1167
1043	2064
1044	1117
1044	1139
1044	1209
1045	1060
1045	1210
1046	1061
1047	1062
1048	1064
1048	1211
1049	1143
1049	1175
1050	2540
1050	1051
1050	2419
1051	2540
1051	1949
1051	2419
1051	1467
1052	1573
1053	1573
1054	1136
1054	1114
1055	1137
1055	1115
1057	1141
1057	1119
1058	1472
1060	1210
1063	1690
1064	1211
1065	1752
1065	2515
1066	1232
1068	1574
1068	1434
1069	2617
1069	2539
1069	2137
1069	1897
1070	1073
1070	1076
1070	1079
1070	1072
1070	1602
1071	1076
1071	1073
1071	1191
1071	1122
1072	1079
1072	1076
1072	1602
1073	1602
1073	1076
1074	1602
1074	1076
1075	1602
1076	1077
1076	1602
1077	1602
1077	1079
1078	2433
1078	1602
1079	1602
1080	1082
1081	2165
1081	1082
1081	1083
1082	2165
1082	1083
1083	2165
1084	1085
1086	2399
1086	1433
1087	1464
1087	1089
1087	1091
1087	1090
1087	1088
1088	1464
1088	1090
1088	1091
1088	1089
1089	1464
1089	1091
1089	1090
1090	1464
1090	1091
1091	1464
1092	1464
1093	1097
1093	1094
1093	1095
1093	1096
1094	1097
1094	1096
1094	1095
1095	1097
1095	1096
1096	1097
1098	1420
1098	1101
1099	1691
1099	1420
1100	1691
1102	1420
1102	1691
1103	1461
1103	1841
1103	1146
1104	1947
1104	1807
1105	1129
1106	1130
1106	1108
1106	1337
1107	1337
1107	1108
1107	1549
1108	1399
1108	1549
1108	1337
1109	2191
1109	1339
1109	1186
1110	1111
1110	1112
1111	1385
1111	2630
1111	1112
1112	1327
1113	1119
1113	1116
1113	1120
1113	1165
1114	1136
1114	1167
1115	1168
1115	1121
1116	1138
1116	1170
1117	1139
1117	1209
1118	1210
1118	1171
1119	1202
1119	1141
1119	1172
1120	1143
1120	1175
1121	1144
1121	1176
1122	2106
1122	1410
1122	1191
1123	1125
1123	1124
1123	1192
1124	1193
1125	2370
1125	1194
1127	1598
1127	1128
1130	1131
1131	1429
1131	1132
1132	1662
1134	1270
1135	1142
1135	1143
1137	1144
1138	1170
1139	1209
1142	1204
1142	1174
1143	1699
1147	1281
1148	2316
1148	1764
1148	1384
1148	1669
1149	1150
1150	1298
1151	1268
1152	1269
1153	1270
1154	1271
1155	1272
1156	1608
1156	1527
1157	2265
1158	2296
1158	2131
1158	1419
1160	1872
1160	1161
1160	1162
1161	1162
1162	1186
1163	1265
1164	1685
1164	2195
1165	2659
1165	1195
1166	1174
1166	1196
1167	1197
1168	1198
1168	1176
1169	1406
1169	1199
1170	1200
1171	1201
1172	1202
1173	1203
1174	1204
1175	1205
1176	1206
1177	1374
1177	1207
1178	1180
1178	2007
1178	1813
1178	1240
1179	1180
1179	1689
1179	1813
1179	2536
1180	1813
1180	2536
1180	1241
1181	1813
1181	1242
1182	1183
1182	1256
1182	1214
1183	1215
1183	1510
1184	1679
1184	1185
1184	1186
1185	1287
1187	2592
1187	1190
1187	2148
1187	1188
1187	1189
1188	1190
1188	2148
1188	2592
1189	1190
1189	2148
1191	2192
1191	2106
1191	1410
1192	1193
1194	2370
1195	1207
1195	1205
1196	1204
1198	1206
1199	1204
1200	2055
1207	1374
1208	1258
1208	1254
1208	1255
1209	1210
1209	1550
1212	2521
1212	1550
1212	1927
1212	2190
1213	1276
1213	1252
1214	2416
1214	1256
1215	1510
1216	1522
1216	2305
1216	1608
1216	1474
1216	1801
1217	1221
1217	1218
1217	1219
1217	1220
1218	1220
1218	1229
1218	1219
1218	1221
1219	1220
1219	1230
1220	1778
1220	1221
1221	1226
1223	2606
1223	1718
1223	1702
1225	2598
1225	1943
1225	1325
1225	2287
1226	1230
1226	1229
1226	1231
1226	1227
1226	1228
1227	2072
1227	1229
1227	1230
1227	1231
1228	1230
1228	2072
1228	1231
1229	1230
1229	1231
1230	2072
1230	1231
1231	2072
1233	1869
1234	2440
1234	1989
1234	2106
1235	2571
1235	1848
1238	2088
1239	1523
1239	1654
1239	2327
1239	2635
1239	2086
1240	1707
1240	1241
1240	2359
1241	2536
1244	1696
1244	1246
1244	1824
1244	1870
1244	1245
1245	1824
1245	1246
1245	1870
1246	1967
1246	1870
1247	1248
1247	1250
1247	1515
1247	1273
1248	1249
1248	1250
1248	1515
1248	1638
1249	1250
1249	1515
1250	1275
1250	1515
1251	1714
1251	1767
1251	2360
1251	1510
1251	1252
1252	1972
1253	2380
1253	1602
1254	1255
1257	2523
1258	2230
1258	1259
1258	1261
1259	1261
1260	2263
1260	1469
1260	2368
1260	1262
1262	2263
1262	2185
1262	2202
1262	2368
1262	2328
1265	1295
1266	1267
1266	1883
1266	1693
1266	2401
1267	2401
1267	1693
1273	1274
1273	1276
1273	1275
1274	1276
1277	1278
1280	1283
1282	1283
1284	1285
1286	2556
1286	2381
1288	1290
1291	1293
1291	1486
1294	1331
1295	1327
1296	2464
1296	2596
1297	1363
1297	2621
1297	1709
1297	2552
1299	1733
1299	1992
1299	1610
1299	1300
1300	1733
1300	1610
1300	1305
1300	1992
1301	2390
1301	2225
1301	1961
1301	2500
1302	1961
1302	2225
1302	2500
1302	2390
1303	1623
1303	1304
1303	1305
1303	2577
1305	2577
1306	2414
1306	2045
1307	2216
1307	1308
1307	2349
1307	2493
1308	2216
1308	2493
1308	2349
1309	1314
1309	1313
1309	1317
1309	1319
1309	1321
1310	1316
1310	1314
1310	1317
1310	1919
1311	1314
1311	1313
1311	1315
1312	1317
1312	1319
1312	1320
1313	1314
1313	1316
1313	1321
1313	1317
1314	1315
1314	1321
1314	1317
1316	1317
1319	1320
1322	1506
1322	1618
1322	1363
1322	1326
1322	2621
1323	2651
1323	2244
1323	1330
1324	2438
1324	1462
1324	2258
1325	2475
1325	1895
1326	2609
1326	2121
1326	1363
1328	1329
1331	2631
1331	1511
1332	1893
1332	1804
1332	2566
1333	2592
1333	2123
1333	2504
1334	2532
1334	1883
1334	2188
1334	2057
1335	2481
1335	2658
1335	1767
1335	2521
1336	1746
1336	2461
1336	2061
1338	1872
1338	2328
1338	2008
1339	2191
1340	1407
1340	1696
1340	1825
1341	1825
1342	2527
1342	2526
1342	2049
1343	1638
1343	2330
1344	2180
1344	2453
1344	1934
1345	2197
1345	2183
1346	1410
1346	2435
1346	2498
1346	1817
1347	1937
1347	1866
1347	1559
1347	1868
1348	2134
1348	1886
1349	1701
1349	2454
1349	1492
1349	1619
1349	2187
1350	2054
1350	1812
1351	2472
1352	2460
1352	2067
1352	2593
1352	1747
1352	1878
1353	1703
1353	1849
1353	2477
1354	2605
1355	1880
1355	1493
1355	2480
1355	2206
1356	1989
1356	1964
1357	1524
1358	2021
1358	2346
1359	2076
1359	2513
1360	1873
1360	1614
1360	2331
1360	1875
1360	1421
1361	1362
1361	1847
1362	1822
1362	1847
1363	1618
1363	2621
1363	1506
1364	2513
1364	1783
1364	1604
1364	1519
1365	2091
1365	2550
1366	2393
1366	1371
1366	1508
1367	1623
1367	1845
1368	1830
1368	2343
1368	2209
1368	2081
1369	1581
1370	1904
1370	2611
1371	2058
1371	2021
1371	1407
1372	2220
1372	2614
1372	1659
1372	2405
1372	1725
1373	1854
1373	2101
1373	1500
1373	1632
1374	1583
1375	1513
1375	1483
1375	2502
1375	2549
1376	1884
1376	2088
1376	1514
1377	2292
1377	2605
1377	1950
1377	2482
1378	1999
1378	2592
1378	2513
1378	2504
1379	1498
1379	2303
1379	1806
1379	2103
1379	1716
1380	1884
1380	2088
1381	2644
1381	2508
1381	1976
1382	1604
1382	2549
1382	1731
1383	2110
1383	2551
1383	1849
1383	2512
1384	2443
1384	2155
1384	1385
1384	1669
1384	1503
1385	2630
1386	2632
1386	2234
1386	1450
1386	1466
1387	2645
1387	1850
1387	2115
1387	2100
1388	2361
1388	2237
1388	1389
1388	1712
1389	2580
1389	1919
1389	2374
1389	2102
1390	1988
1390	1869
1390	2506
1391	2416
1391	1990
1392	2241
1392	2378
1393	1926
1394	2253
1394	2652
1394	1993
1395	1994
1395	2067
1395	2266
1396	1996
1396	2111
1396	1862
1396	1917
1396	1439
1397	2138
1397	1983
1397	2250
1397	1530
1398	1444
1398	2576
1399	2258
1399	1861
1399	2361
1400	2502
1400	1442
1400	2554
1400	2150
1401	2519
1401	1662
1401	1548
1402	2304
1402	1852
1402	2575
1403	2329
1403	1863
1403	2103
1403	2648
1404	1550
1404	2190
1404	2365
1405	2625
1405	2109
1407	2058
1407	2662
1407	1696
1408	2663
1408	1683
1408	2254
1409	2122
1409	2583
1409	2350
1409	1890
1409	2106
1410	2350
1410	2192
1410	2106
1411	2517
1411	1681
1411	1976
1411	2066
1412	1706
1412	1855
1412	2107
1413	1939
1413	2582
1413	1555
1414	1929
1414	1721
1414	1960
1414	1684
1415	2150
1415	1871
1415	1748
1416	1712
1416	1997
1416	2654
1417	2539
1417	2602
1417	2397
1417	1673
1418	2588
1418	1434
1418	1574
1419	1747
1420	1691
1421	1706
1421	2402
1421	1845
1422	1694
1423	2560
1423	2133
1423	2444
1424	1564
1424	2269
1424	2361
1424	2013
1425	2401
1425	1883
1425	1876
1426	2404
1426	2271
1426	2407
1426	2212
1427	1820
1427	2408
1427	1447
1427	2542
1428	1621
1428	2543
1428	2409
1429	2139
1430	2141
1430	2413
1430	1446
1431	1572
1431	2275
1431	2414
1432	2107
1432	2415
1433	1802
1433	1672
1433	2399
1433	2534
1434	1574
1435	2627
1435	2323
1435	1576
1435	2280
1436	1580
1437	2532
1437	1556
1437	2135
1437	2157
1437	2025
1438	2379
1438	1665
1438	1607
1438	2052
1438	2083
1439	1922
1439	2551
1439	1917
1439	1862
1440	1963
1440	1624
1440	1896
1440	1497
1440	1441
1441	1963
1441	2301
1441	1497
1441	2287
1442	1483
1442	2554
1442	2150
1443	1938
1443	1974
1443	2423
1443	2555
1444	1539
1444	1809
1444	1525
1444	2576
1445	2160
1445	1598
1445	2291
1446	2413
1446	2141
1447	2558
1447	2556
1448	1548
1448	2400
1448	1643
1448	1865
1449	2132
1449	2346
1449	2556
1449	1586
1450	1512
1451	1931
1451	1930
1451	2404
1452	2628
1453	2086
1453	1654
1453	1913
1453	1601
1454	1971
1455	2389
1455	1596
1455	2434
1455	2572
1455	1939
1456	2035
1456	2636
1457	1725
1458	2010
1458	2553
1458	2288
1458	1498
1458	1797
1460	2558
1460	2593
1460	1838
1460	1639
1460	1731
1461	2139
1461	2411
1461	1473
1461	1841
1462	2438
1463	1722
1463	1914
1465	1927
1465	2564
1465	2521
1465	2578
1465	1600
1466	2032
1466	2299
1467	1808
1467	1899
1467	1949
1467	2445
1468	2312
1468	1922
1468	2155
1468	2443
1468	1736
1469	1924
1469	2171
1469	2263
1470	2315
1471	1793
1471	2049
1471	1935
1473	2358
1473	2411
1474	2305
1474	1801
1474	1608
1475	2346
1475	1968
1475	2001
1475	2321
1476	2190
1477	2322
1477	2002
1478	1732
1478	1495
1478	2056
1478	2186
1479	2143
1479	2188
1479	2165
1479	2057
1480	1482
1480	2649
1481	1997
1481	1535
1481	1867
1482	2058
1482	2444
1482	2649
1483	1748
1483	2150
1483	1612
1484	2582
1484	2463
1485	1857
1485	2490
1485	2489
1485	2062
1486	2409
1487	1559
1487	1885
1488	1556
1488	2532
1488	2598
1488	2010
1488	1498
1489	2193
1490	2617
1490	1635
1490	2491
1490	2196
1491	1951
1491	1673
1491	2178
1491	1686
1492	2187
1492	1619
1492	2454
1493	1880
1493	2480
1493	2206
1494	2662
1494	2017
1494	2164
1494	2131
1495	2186
1495	1732
1496	1568
1496	1630
1496	2210
1497	2475
1497	1627
1497	2487
1498	1556
1498	2598
1498	2010
1499	1631
1499	2488
1500	2101
1500	2584
1500	1632
1501	1965
1501	2468
1501	2015
1502	2174
1502	2197
1503	2062
1503	2087
1504	2392
1504	2652
1504	1993
1504	1637
1505	2238
1505	1594
1505	2561
1505	1976
1506	1895
1506	1618
1506	2621
1507	1898
1507	1927
1507	1521
1508	1966
1508	1986
1509	2462
1509	1902
1509	2628
1509	1774
1509	2416
1510	2260
1511	2631
1513	2549
1513	2256
1514	1884
1514	2088
1515	1638
1516	2087
1516	2194
1517	1908
1517	2620
1517	1766
1518	2083
1518	1943
1518	1651
1519	2513
1519	1783
1520	1910
1521	2457
1522	1969
1523	2635
1523	2086
1523	2327
1523	1654
1524	2638
1524	1983
1525	2101
1525	2477
1525	2584
1525	2108
1526	2513
1526	1982
1527	1801
1527	2460
1528	2392
1528	2499
1528	2514
1528	1657
1529	2641
1530	2250
1530	1772
1531	1752
1531	2515
1532	1851
1532	1789
1533	2376
1534	2009
1534	2495
1534	2510
1534	2243
1535	1721
1535	1997
1535	1971
1535	1929
1536	2161
1536	1668
1536	1558
1537	2392
1537	1993
1538	2245
1538	2367
1539	1809
1539	2108
1540	1770
1540	1642
1540	2525
1540	2355
1540	2384
1541	2428
1542	1671
1542	2385
1542	2653
1543	2115
1543	2100
1543	1584
1544	1740
1544	2001
1544	2437
1545	2310
1545	2116
1545	2000
1545	2387
1546	2536
1546	1813
1546	2007
1547	2043
1547	1803
1548	2400
1548	2519
1548	1662
1549	2625
1550	1927
1550	2190
1551	2268
1551	2046
1551	2260
1552	1682
1552	2662
1552	1959
1552	1696
1553	2207
1553	2023
1554	1744
1554	2511
1554	2494
1554	2024
1556	2025
1556	2286
1556	1678
1556	2532
1556	2157
1557	2205
1557	2383
1557	2593
1557	1808
1557	1800
1558	1687
1558	2055
1558	2334
1558	1952
1558	2471
1559	2058
1559	1937
1560	2515
1561	2530
1561	2402
1561	2498
1561	1979
1561	2015
1562	2114
1563	1657
1563	2310
1563	2505
1564	2269
1564	2013
1564	2503
1565	2014
1565	1829
1566	2133
1566	2345
1567	2241
1567	2080
1568	1979
1568	1771
1568	1659
1569	2524
1569	1588
1569	2031
1570	2510
1570	2140
1571	1963
1571	2224
1571	2141
1572	2275
1572	2259
1572	2414
1573	2001
1575	2025
1575	1576
1575	2417
1575	1589
1576	1914
1576	2280
1577	2023
1577	2292
1577	2038
1577	2265
1578	2073
1578	2529
1578	2080
1578	2496
1579	1695
1582	2443
1582	2147
1582	1922
1582	1833
1582	2218
1584	1975
1585	2656
1585	1882
1585	2176
1585	1633
1587	2136
1587	2254
1588	2031
1589	2526
1589	2527
1589	2417
1590	1630
1590	1617
1591	1777
1591	2039
1592	1751
1592	2068
1592	2562
1592	1844
1593	2283
1593	2540
1594	1622
1594	2085
1595	2116
1595	2176
1595	2267
1595	2081
1596	2434
1596	2572
1598	1729
1598	2291
1598	1901
1599	1651
1600	1846
1600	1767
1600	2564
1600	2578
1601	1654
1601	2135
1601	2098
1602	2433
1603	1723
1603	2581
1603	2112
1603	2446
1604	1849
1605	2121
1605	1740
1605	2070
1605	2317
1606	1763
1606	1778
1606	2318
1607	1665
1607	2243
1607	2052
1607	2558
1607	1787
1608	2305
1608	1801
1609	2171
1609	2181
1609	2439
1610	2309
1610	1992
1610	1733
1611	2121
1612	2455
1612	2549
1613	2420
1613	1760
1613	1869
1613	2259
1614	2017
1614	1873
1614	2331
1615	2590
1615	2119
1615	1874
1616	1910
1616	2470
1616	2242
1616	2602
1617	1773
1617	1891
1617	2356
1618	2621
1619	2311
1619	2187
1619	2454
1620	1756
1620	2203
1620	2459
1621	2409
1621	2543
1622	2476
1622	2204
1622	1877
1622	2085
1623	1979
1623	2420
1624	1648
1624	1769
1624	2354
1624	2484
1624	1641
1625	2626
1625	2087
1625	2088
1626	1762
1626	1883
1626	2607
1627	2497
1627	2609
1627	2073
1628	2110
1628	2369
1628	1996
1628	2104
1628	1812
1629	2279
1630	1936
1630	2210
1631	2488
1632	2101
1632	2584
1633	2012
1633	2616
1635	2617
1635	2196
1635	2491
1636	1903
1636	2326
1636	1892
1636	2427
1637	1993
1637	1644
1637	1974
1639	2624
1639	1899
1639	2421
1640	2101
1640	2352
1640	1701
1641	1648
1641	1769
1641	2354
1641	2484
1642	2525
1642	2026
1642	2355
1642	1770
1643	2439
1643	2400
1644	1662
1644	2212
1644	2629
1644	1831
1645	1907
1647	2503
1647	1712
1647	2293
1647	2516
1648	1769
1648	1837
1648	2547
1648	2229
1649	2058
1649	1899
1649	2205
1649	2431
1649	1808
1650	2215
1651	2143
1652	2414
1652	2275
1652	1781
1653	2643
1653	2136
1653	2533
1653	1900
1654	2086
1654	2327
1655	2306
1655	1748
1655	1915
1657	2514
1657	1882
1657	2499
1658	2519
1658	2139
1658	2476
1659	1771
1659	2405
1659	1725
1659	2614
1660	2645
1660	2115
1660	2100
1661	2330
1662	2042
1663	1853
1663	2242
1664	1795
1665	1787
1665	2172
1665	1796
1665	1928
1665	2379
1666	1915
1666	1748
1666	2653
1667	1799
1667	2128
1668	1931
1668	2130
1668	1687
1669	2662
1669	2087
1669	2443
1669	2155
1670	2000
1670	2248
1670	2116
1671	2268
1671	2653
1671	2385
1672	2527
1672	2399
1672	1802
1672	1935
1673	2012
1673	2124
1673	2397
1674	1939
1674	2118
1675	2571
1675	1895
1675	2357
1676	2458
1676	2657
1677	2530
1677	2238
1677	2520
1678	2025
1678	2532
1678	2286
1680	2391
1680	1871
1680	2268
1681	2066
1681	2064
1681	2660
1681	1975
1682	1959
1682	1696
1682	2192
1682	1805
1683	2663
1683	2179
1684	1960
1684	2098
1685	2195
1685	1810
1685	1948
1685	2396
1686	2383
1686	2333
1686	1951
1687	2334
1687	2055
1687	2471
1688	2335
1688	1812
1688	2054
1689	1813
1689	2007
1693	2401
1696	2662
1696	1959
1697	2138
1697	1869
1697	1717
1698	2492
1698	2097
1698	2635
1698	2619
1700	1822
1701	2352
1701	1703
1702	1744
1702	1718
1703	2340
1703	2079
1703	2477
1704	1823
1704	2091
1704	1978
1705	1955
1705	2479
1706	2402
1706	2145
1707	1813
1707	2359
1707	2324
1708	1709
1708	1763
1708	2235
1709	1710
1709	2493
1709	2475
1709	2552
1710	2291
1710	1901
1710	1938
1710	2272
1711	2065
1711	1973
1712	2237
1712	2503
1713	1877
1713	2404
1713	2085
1713	2362
1714	1743
1714	1941
1714	1975
1715	2413
1715	2141
1716	2422
1716	2103
1717	2486
1718	1744
1719	2579
1719	2299
1720	2296
1721	1960
1721	2281
1722	2568
1722	1981
1723	2446
1724	2159
1724	2302
1725	2405
1725	2614
1726	1874
1726	2119
1726	2590
1727	1934
1727	2453
1727	2036
1728	1748
1728	2150
1728	2554
1729	2627
1729	2291
1729	1901
1730	2436
1730	2303
1731	1808
1731	2558
1731	1838
1733	2309
1733	1992
1734	2205
1734	1913
1734	2430
1735	1902
1736	2312
1736	1922
1736	2443
1736	2155
1737	2267
1737	2111
1737	1996
1738	2198
1738	2446
1738	2175
1739	2546
1739	2412
1739	2113
1740	2121
1740	2317
1740	2202
1741	1998
1741	2584
1741	2101
1741	2451
1742	2452
1742	1866
1742	2382
1743	2521
1743	2320
1744	2440
1744	2122
1745	1761
1745	1958
1745	1786
1745	2654
1746	2461
1746	2061
1747	2593
1748	2268
1748	1915
1748	1871
1749	2481
1749	1881
1749	2462
1749	2207
1751	2593
1751	2451
1751	2051
1752	2515
1752	2185
1754	1989
1754	2129
1755	2106
1755	1771
1755	2517
1755	2278
1756	2203
1756	2459
1757	2545
1757	2209
1757	2274
1757	2410
1758	2411
1758	2557
1759	1831
1759	2273
1759	1879
1759	2544
1760	2259
1760	2420
1760	1869
1761	2171
1761	2263
1761	2594
1761	2261
1762	2019
1762	1883
1762	2607
1762	2138
1763	1778
1763	2464
1764	2613
1765	2575
1765	1852
1765	2304
1766	2033
1766	2620
1766	1908
1767	2133
1767	2658
1767	1994
1767	1894
1769	2354
1769	2484
1770	2026
1770	2355
1770	2604
1771	2626
1771	2278
1772	2471
1772	2219
1773	2356
1774	2593
1774	1902
1774	2628
1775	2229
1775	2226
1775	2020
1776	1822
1776	2022
1776	2152
1777	2215
1777	2039
1778	2283
1779	2321
1779	2297
1780	2425
1781	2480
1781	2505
1783	2513
1783	2123
1784	2363
1784	2260
1785	2521
1786	2295
1786	2048
1786	1912
1787	1928
1787	1796
1787	2052
1788	2306
1788	2162
1788	1915
1789	2138
1789	1851
1790	2000
1790	1920
1790	2310
1791	2599
1792	1923
1792	2041
1792	2059
1794	2366
1794	2143
1794	1831
1796	2172
1796	1928
1796	2379
1797	2239
1797	2147
1797	2553
1797	2288
1798	1930
1799	1931
1800	2067
1800	2383
1800	2593
1800	1808
1801	2251
1801	2305
1802	2527
1802	1935
1803	2043
1803	2471
1804	2389
1804	2566
1805	2192
1806	2395
1806	2506
1807	1947
1808	2383
1808	2205
1808	2593
1809	2108
1810	2195
1810	2396
1810	1948
1811	1990
1811	2332
1812	2104
1812	2054
1812	2335
1813	2536
1813	2007
1814	2161
1814	2127
1815	2007
1816	2176
1816	2151
1816	2144
1816	2403
1817	2015
1817	2027
1817	2498
1819	2263
1819	2557
1820	1840
1820	2408
1820	2542
1821	1993
1821	2392
1821	2253
1823	1978
1823	2091
1824	1967
1824	2217
1826	2479
1827	2340
1827	2034
1827	2569
1828	2129
1828	2357
1828	2263
1829	2014
1830	2209
1830	2081
1831	2011
1831	2629
1831	2439
1832	2284
1833	2155
1833	2496
1833	2443
1833	2147
1833	2551
1834	2308
1835	2364
1835	2295
1835	2309
1836	2631
1837	2214
1837	2547
1837	2229
1838	1899
1838	2043
1838	2040
1839	2109
1839	2352
1840	2205
1840	1903
1840	2558
1840	2427
1841	2297
1841	2533
1842	2296
1843	2429
1843	2298
1843	2154
1843	2094
1844	2469
1846	2578
1846	2047
1846	2564
1846	1972
1847	2446
1848	2287
1848	2571
1850	2645
1850	2115
1850	2100
1851	1981
1852	2304
1852	2575
1853	2242
1854	2557
1855	2145
1855	2107
1856	2247
1856	2565
1857	2299
1857	2332
1857	2489
1857	2579
1858	2320
1858	2112
1858	2446
1858	2581
1859	1954
1859	1959
1862	2586
1862	1917
1863	2287
1863	2648
1864	2591
1865	2395
1866	1868
1867	2302
1868	2444
1868	2058
1869	2259
1870	1959
1870	2217
1871	1915
1872	2466
1872	2008
1873	2331
1873	2529
1873	2358
1874	2590
1874	2119
1875	2623
1876	2436
1876	2318
1876	2303
1877	2625
1877	2476
1877	2204
1877	2362
1878	2205
1878	2593
1878	2460
1879	2544
1879	2273
1880	2206
1880	2480
1880	2364
1881	2207
1881	2462
1881	2481
1882	1962
1882	2390
1883	2607
1883	2019
1884	2088
1885	2596
1886	2056
1886	2559
1887	2534
1887	1935
1887	2058
1887	2399
1888	2018
1888	2553
1889	2012
1889	2265
1890	2350
1892	2558
1892	2488
1892	2326
1893	2034
1893	2566
1894	2658
1895	2349
1895	2621
1895	2475
1896	2229
1896	2107
1897	2137
1898	2284
1900	2643
1900	2533
1901	2291
1902	2628
1903	2558
1903	2427
1904	2486
1904	2611
1905	2488
1905	2347
1906	2649
1907	2163
1908	2620
1908	2033
1909	2223
1911	2090
1911	2367
1911	2509
1912	2295
1912	2048
1913	2205
1913	2174
1913	2584
1914	2571
1915	2162
1915	2306
1916	2544
1916	2395
1918	2080
1918	2655
1918	2574
1919	2374
1919	2102
1920	2000
1920	2310
1921	2432
1922	2312
1922	2155
1922	2443
1923	1941
1923	2059
1924	2171
1926	2047
1927	2063
1927	2190
1927	2521
1928	2172
1928	2379
1929	2281
1930	2404
1931	2328
1931	2404
1932	2403
1932	2032
1932	2176
1933	2587
1933	2413
1933	2203
1934	2143
1934	2180
1934	2453
1935	2399
1935	2527
1936	2210
1936	2184
1936	2323
1938	2291
1938	2272
1938	2627
1939	2389
1940	2657
1940	2458
1941	2041
1941	2059
1942	2389
1942	2608
1942	2658
1943	2083
1943	2598
1944	2065
1945	2467
1945	2378
1946	2459
1948	2195
1948	2396
1949	2469
1949	2068
1950	2526
1950	1994
1950	2482
1951	2546
1951	2113
1951	2397
1951	2333
1952	2055
1952	2471
1952	2334
1953	2535
1955	2479
1955	1956
1956	2483
1957	2072
1959	2662
1961	2531
1961	2390
1961	2225
1961	2500
1962	2121
1962	2473
1963	2413
1963	2141
1965	2015
1965	2078
1967	1969
1967	2653
1967	2217
1968	2420
1970	2084
1970	2634
1971	1997
1971	1988
1974	2423
1974	2555
1975	2169
1976	2644
1976	2508
1977	2192
1977	2011
1978	2091
1979	2420
1980	1995
1980	2453
1980	2313
1980	2447
1980	2246
1981	2568
1982	2513
1983	2219
1983	2250
1986	2289
1987	2375
1987	2011
1988	2506
1989	2240
1989	2129
1990	2416
1991	2037
1991	2380
1991	2650
1991	2003
1992	2309
1993	2392
1993	2652
1994	2067
1994	2567
1994	2469
1996	2104
1996	2111
1997	2654
1998	2101
1998	2519
1998	2584
1999	2504
1999	2592
1999	2123
2000	2484
2000	2387
2000	2116
2001	2321
2003	2650
2003	2380
2004	2444
2004	2058
2004	2522
2005	2020
2005	2248
2006	2436
2006	2303
2006	2450
2006	2125
2008	2328
2009	2495
2010	2598
2011	2375
2012	2130
2012	2539
2013	2527
2013	2269
2015	2435
2015	2498
2016	2538
2019	2607
2020	2245
2021	2346
2022	2152
2023	2292
2024	2213
2024	2511
2024	2494
2025	2286
2025	2532
2025	2157
2026	2635
2026	2355
2026	2384
2027	2435
2027	2498
2028	2151
2028	2299
2029	2293
2032	2187
2032	2077
2032	2299
2033	2510
2033	2620
2034	2171
2034	2263
2035	2636
2036	2599
2037	2192
2038	2265
2039	2163
2039	2215
2040	2235
2040	2516
2040	2166
2040	2371
2041	2059
2042	2319
2043	2471
2044	2170
2044	2449
2045	2378
2045	2241
2047	2534
2048	2295
2049	2527
2049	2526
2050	2587
2051	2460
2051	2593
2051	2053
2053	2540
2053	2278
2054	2104
2054	2110
2054	2369
2054	2282
2055	2471
2056	2186
2057	2591
2057	2095
2058	2444
2059	2646
2060	2529
2061	2461
2062	2490
2062	2489
2063	2190
2063	2521
2065	2564
2065	2406
2068	2469
2069	2528
2069	2656
2070	2599
2070	2337
2070	2202
2071	2481
2071	2471
2071	2478
2071	2339
2073	2487
2073	2529
2075	2559
2075	2406
2075	2270
2075	2541
2077	2299
2078	2190
2079	2383
2079	2477
2079	2340
2080	2609
2080	2496
2081	2274
2081	2209
2081	2343
2082	2612
2083	2379
2083	2172
2084	2634
2085	2362
2086	2355
2086	2327
2086	2635
2090	2313
2090	2509
2092	2560
2092	2296
2093	2150
2093	2561
2093	2554
2093	2105
2094	2429
2094	2154
2094	2298
2095	2366
2096	2468
2097	2635
2097	2619
2098	2619
2099	2117
2099	2171
2099	2439
2100	2645
2100	2115
2101	2584
2101	2451
2102	2374
2102	2580
2103	2343
2103	2532
2104	2369
2104	2110
2105	2150
2105	2561
2108	2451
2108	2477
2108	2641
2110	2369
2111	2267
2112	2446
2115	2645
2116	2387
2117	2183
2118	2658
2118	2168
2119	2590
2123	2255
2123	2592
2124	2539
2124	2397
2125	2523
2125	2450
2127	2161
2128	2312
2128	2226
2129	2240
2130	2539
2131	2164
2131	2662
2132	2346
2132	2601
2133	2658
2139	2476
2141	2413
2142	2275
2142	2414
2143	2548
2143	2426
2144	2403
2145	2402
2146	2622
2146	2639
2146	2640
2149	2626
2150	2554
2151	2489
2151	2299
2151	2579
2153	2163
2154	2429
2154	2298
2155	2443
2155	2312
2157	2286
2157	2532
2158	2334
2158	2569
2159	2302
2160	2291
2162	2391
2165	2364
2166	2235
2166	2516
2166	2371
2167	2397
2170	2595
2170	2449
2171	2439
2171	2263
2172	2379
2173	2559
2174	2585
2175	2198
2176	2656
2179	2322
2181	2439
2183	2197
2184	2210
2184	2323
2185	2515
2187	2454
2188	2583
2190	2521
2196	2617
2196	2491
2198	2585
2199	2575
2199	2603
2200	2603
2200	2280
2202	2366
2202	2599
2202	2337
2203	2459
2204	2625
2204	2476
2205	2564
2205	2221
2205	2593
2206	2480
2207	2481
2207	2462
2209	2343
2210	2323
2211	2329
2212	2271
2212	2407
2213	2615
2214	2547
2214	2229
2215	2348
2216	2621
2216	2349
2216	2493
2218	2496
2219	2471
2221	2611
2221	2447
2222	2360
2224	2364
2225	2531
2225	2390
2225	2500
2228	2287
2228	2424
2228	2437
2229	2547
2230	2537
2231	2637
2232	2563
2233	2557
2233	2439
2233	2263
2234	2632
2235	2516
2235	2371
2236	2442
2237	2361
2238	2530
2238	2520
2239	2248
2239	2377
2241	2647
2241	2378
2243	2510
2244	2464
2244	2651
2245	2367
2246	2570
2246	2313
2246	2447
2248	2387
2249	2580
2251	2268
2251	2386
2253	2652
2253	2392
2254	2663
2255	2592
2256	2549
2256	2463
2257	2459
2257	2277
2261	2594
2262	2303
2262	2398
2263	2368
2263	2557
2267	2369
2268	2391
2270	2559
2270	2406
2270	2541
2271	2407
2272	2291
2273	2544
2274	2410
2274	2545
2275	2414
2277	2459
2278	2517
2283	2523
2286	2598
2286	2532
2287	2571
2288	2598
2288	2553
2290	2437
2291	2627
2292	2425
2293	2516
2294	2498
2294	2435
2297	2533
2298	2429
2300	2568
2301	2505
2303	2436
2304	2575
2308	2515
2310	2505
2311	2489
2311	2579
2311	2629
2312	2443
2313	2447
2313	2570
2314	2497
2316	2387
2316	2583
2318	2571
2320	2587
2324	2456
2325	2444
2326	2487
2327	2635
2333	2397
2334	2471
2336	2474
2338	2459
2338	2448
2339	2478
2340	2477
2347	2488
2349	2493
2351	2400
2351	2353
2352	2519
2354	2547
2354	2484
2355	2604
2363	2365
2366	2599
2371	2516
2372	2606
2373	2644
2380	2650
2381	2556
2381	2459
2383	2593
2384	2525
2385	2502
2385	2653
2389	2623
2390	2531
2392	2652
2393	2661
2394	2412
2398	2436
2399	2534
2403	2579
2405	2614
2406	2541
2408	2542
2409	2543
2410	2545
2411	2557
2412	2546
2417	2446
2418	2625
2419	2540
2421	2567
2421	2624
2422	2635
2422	2465
2422	2604
2423	2555
2424	2437
2424	2642
2426	2548
2427	2558
2434	2572
2435	2498
2441	2445
2442	2579
2444	2623
2445	2567
2445	2593
2446	2581
2448	2459
2451	2584
2453	2651
2458	2657
2460	2486
2460	2593
2462	2481
2463	2582
2464	2596
2465	2604
2465	2635
2470	2602
2475	2493
2476	2625
2478	2481
2479	2483
2482	2595
2485	2501
2486	2611
2489	2579
2491	2617
2492	2635
2492	2619
2494	2511
2497	2609
2497	2514
2499	2514
2502	2549
2504	2513
2504	2592
2520	2530
2522	2661
2523	2550
2526	2527
2528	2656
2541	2559
2552	2621
2564	2578
2574	2609
2578	2645
2589	2604
2600	2641
2618	2620
2619	2635
2639	2640
