0 641
0 1894
1 10
1 1260
2 735
2 2500
3 6
3 5
4 2377
4 380
5 3
5 2473
6 2
6 1387
7 5
7 1677
8 536
8 78
9 158
9 565
10 707
10 784
11 413
11 428
12 455
12 482
13 2248
13 1519
14 391
14 1994
15 1273
15 1247
16 162
16 32
17 576
17 724
18 339
18 577
19 1240
19 713
20 960
20 758
21 961
21 759
22 88
22 962
23 963
23 760
24 964
24 761
25 965
25 762
26 505
26 129
27 13
27 28
28 30
28 2566
29 28
29 30
30 29
30 28
31 29
31 28
32 640
32 16
33 690
33 1276
34 1287
34 723
35 38
35 36
36 1330
36 35
37 837
37 36
38 35
38 158
39 129
39 505
40 1032
40 43
41 40
41 43
42 41
42 43
43 1032
43 40
44 1729
44 45
45 685
45 44
46 51
46 47
47 51
47 46
48 50
48 51
49 47
49 51
50 1851
50 2130
51 47
51 48
52 545
52 144
53 546
53 146
54 52
54 53
55 56
55 323
56 921
56 324
57 875
57 773
58 2640
58 774
59 480
59 407
60 1364
60 76
61 539
61 462
62 1247
62 1296
63 1306
63 678
64 66
64 65
65 64
65 66
66 64
66 65
67 233
67 298
68 611
68 162
69 120
69 807
70 115
70 122
71 117
71 124
72 810
72 613
73 605
73 437
74 835
74 958
75 76
75 756
76 176
76 60
77 1482
77 2019
78 536
78 8
79 2275
79 1580
80 1191
80 1122
81 83
81 1815
82 1123
82 671
83 81
83 672
84 1125
84 673
85 895
85 1729
86 387
86 20
87 388
87 21
88 739
88 22
89 389
89 23
90 390
90 24
91 391
91 25
92 2540
92 803
93 972
93 531
94 973
94 532
95 2403
95 1338
96 2261
96 94
97 96
97 2261
98 99
98 2261
99 98
99 2261
100 288
100 152
101 112
101 108
102 250
102 217
103 276
103 218
104 652
104 219
105 277
105 220
106 653
106 221
107 222
107 321
108 223
108 101
109 258
109 224
110 259
110 225
111 226
111 322
112 613
112 227
113 263
113 228
114 807
114 185
115 1139
115 122
116 654
116 123
117 1142
117 124
118 122
118 126
119 131
119 608
120 69
120 114
121 133
121 653
122 70
122 115
123 609
123 116
124 71
124 117
125 525
125 612
126 839
126 613
127 474
127 687
128 2308
128 1008
129 505
129 26
130 134
130 137
131 119
131 651
132 120
132 652
133 121
133 653
134 122
134 130
135 654
135 130
136 125
136 656
137 657
137 130
138 1127
138 139
139 2137
139 138
140 280
140 180
141 139
141 2123
142 1007
142 1033
143 307
143 593
144 1164
144 52
145 734
145 57
146 546
146 53
147 1729
147 1326
148 936
148 691
149 664
149 822
150 751
150 937
151 204
151 377
152 167
152 864
153 431
153 188
154 1592
154 527
155 411
155 156
156 412
156 155
157 155
157 156
158 1004
158 38
159 549
159 813
160 2511
160 1189
161 595
161 482
162 16
162 232
163 603
163 844
164 866
164 344
165 544
165 538
166 189
166 619
167 152
167 864
168 991
168 811
169 167
169 864
170 1325
170 1925
171 1851
171 172
172 1851
172 171
173 407
173 1020
174 821
174 2028
175 85
175 562
176 2401
176 76
177 430
177 607
178 181
178 335
179 182
179 336
180 386
180 337
181 178
181 338
182 179
182 339
183 1647
183 184
184 183
184 1647
185 807
185 114
186 810
186 859
187 622
187 867
188 153
188 431
189 619
189 417
190 608
190 1054
191 70
191 115
192 810
192 613
193 1040
193 439
194 1042
194 197
195 807
195 440
196 441
196 197
197 199
197 196
198 1047
198 443
199 196
199 197
200 444
200 162
201 1018
201 204
202 205
202 200
203 205
203 511
204 151
204 377
205 2475
205 203
206 1603
206 414
207 771
207 455
208 1330
208 619
209 871
209 497
210 498
210 476
211 209
211 1933
212 1933
212 479
213 2626
213 1375
214 809
214 727
215 1096
215 638
216 101
216 223
217 102
217 250
218 103
218 276
219 253
219 807
220 277
220 808
221 106
221 255
222 107
222 278
223 108
223 216
224 109
224 258
225 259
225 110
226 261
226 347
227 112
227 810
228 113
228 263
229 429
229 862
230 1508
230 776
231 1508
231 1324
232 392
232 444
233 371
233 481
234 737
234 960
235 738
235 961
236 740
236 963
237 741
237 964
238 742
238 965
239 728
239 398
240 75
240 756
241 305
241 496
242 1327
242 791
243 2300
243 2195
244 1156
244 891
245 688
245 244
246 545
246 1744
247 2049
247 2022
248 446
248 445
249 448
249 257
250 217
250 449
251 249
251 1772
252 450
252 1328
253 807
253 219
254 277
254 220
255 106
255 221
256 667
256 321
257 1329
257 249
258 350
258 224
259 225
259 669
260 745
260 629
261 322
261 453
262 810
262 227
263 113
263 228
264 268
264 267
265 267
265 264
266 264
266 267
267 268
267 264
268 264
268 267
269 495
269 304
270 305
270 594
271 526
271 1327
272 273
272 274
273 274
273 568
274 569
274 275
275 570
275 274
276 608
276 218
277 220
277 808
278 609
278 222
279 727
279 809
280 180
280 386
281 129
281 39
282 406
282 284
283 836
283 647
284 282
284 992
285 468
285 952
286 953
286 644
287 677
287 790
288 152
288 664
289 419
289 303
290 752
290 291
291 924
291 301
292 926
292 302
293 763
293 1248
294 295
294 297
295 294
295 297
296 297
296 488
297 295
297 294
298 274
298 569
299 2562
299 2064
300 2018
300 922
301 924
301 312
302 926
302 313
303 419
303 289
304 269
304 495
305 241
305 496
306 2306
306 2354
307 311
307 310
308 311
308 307
309 307
309 310
310 311
310 307
311 310
311 307
312 924
312 301
313 926
313 302
314 588
314 792
315 589
315 793
316 739
316 794
317 590
317 795
318 591
318 796
319 592
319 797
320 249
320 448
321 256
321 349
322 261
322 453
323 324
323 55
324 56
324 921
325 323
325 1996
326 871
326 1032
327 331
327 334
328 651
328 327
329 132
329 652
330 133
330 653
331 134
331 327
332 331
332 327
333 136
333 656
334 657
334 327
335 338
335 178
336 339
336 179
337 180
337 386
338 335
338 181
339 701
339 182
340 1722
340 412
341 305
341 616
342 1327
342 455
343 635
343 158
344 598
344 164
345 346
345 1737
346 1737
346 345
347 612
347 768
348 1040
348 439
349 843
349 441
350 1047
350 443
351 1941
351 2466
352 8
352 1331
353 544
353 165
354 462
354 1068
355 165
355 1002
356 531
356 972
357 355
357 1675
358 605
358 686
359 1967
359 1616
360 363
360 362
361 882
361 1257
362 360
362 363
363 360
363 362
364 451
364 1329
365 453
365 322
366 1094
366 1299
367 1095
367 368
368 366
368 423
369 727
369 621
370 1084
370 480
371 233
371 481
372 439
372 217
373 278
373 609
374 610
374 373
375 443
375 224
376 162
376 611
377 204
377 151
378 381
378 379
379 378
379 381
380 2377
380 4
381 378
381 379
382 622
382 420
383 892
383 622
384 475
384 2097
385 635
385 162
386 180
386 337
387 758
387 737
388 759
388 738
389 89
389 740
390 90
390 741
391 762
391 742
392 661
392 232
393 395
393 396
394 807
394 1043
395 1045
395 968
396 969
396 393
397 1049
397 971
398 458
398 941
399 2242
399 400
400 942
400 399
401 580
401 438
402 434
402 472
403 1526
403 1881
404 666
404 614
405 2008
405 406
406 405
406 1623
407 1020
407 59
408 229
408 429
409 329
409 652
410 333
410 656
411 155
411 412
412 156
412 411
413 428
413 11
414 2109
414 206
415 348
415 439
416 350
416 443
417 619
417 189
418 1030
418 567
419 997
419 303
420 622
420 694
421 775
421 473
422 424
422 425
423 855
423 368
424 609
424 633
425 612
425 768
426 2254
426 427
427 2254
427 426
428 696
428 11
429 229
429 862
430 607
430 177
431 153
431 188
432 693
432 1159
433 149
433 674
434 498
434 472
435 403
435 1631
436 488
436 296
437 951
437 73
438 401
438 580
439 1040
439 348
440 807
440 1043
441 843
441 349
442 1329
442 1046
443 1047
443 350
444 162
444 232
445 248
445 446
446 248
446 445
447 601
447 785
448 320
448 451
449 415
449 250
450 1328
450 252
451 257
451 448
452 635
452 392
453 261
453 322
454 740
454 389
455 595
455 12
456 1672
456 1630
457 1670
457 681
458 476
458 705
459 2353
459 1613
460 1809
460 2257
461 821
461 1384
462 61
462 539
463 474
463 687
464 467
464 954
465 807
465 861
466 757
466 862
467 613
467 863
468 285
468 952
469 286
469 953
470 892
470 622
471 252
471 868
472 458
472 402
473 421
473 775
474 463
474 687
475 912
475 704
476 892
476 867
477 759
477 2195
478 687
478 474
479 1569
479 212
480 1084
480 370
481 233
481 371
482 161
482 12
483 179
483 563
484 485
484 489
485 484
485 489
486 491
486 488
487 484
487 489
488 484
488 489
489 485
489 484
490 484
490 489
491 484
491 490
492 1329
492 493
493 862
493 492
494 730
494 2145
495 269
495 304
496 305
496 241
497 209
497 871
498 434
498 728
499 1769
499 2453
500 1413
500 2003
501 1962
501 2102
502 1475
502 1285
503 2657
503 1611
504 765
504 1330
505 39
505 129
506 1554
506 2604
507 509
507 512
508 310
508 510
509 510
509 311
510 509
510 508
511 513
511 203
512 510
512 508
513 512
513 510
514 12
514 860
515 1327
515 526
516 966
516 750
517 923
517 1015
518 291
518 301
519 516
519 520
520 970
520 751
521 292
521 302
522 520
522 927
523 650
523 766
524 743
524 767
525 746
525 768
526 515
526 1327
527 529
527 154
528 527
528 529
529 527
529 1438
530 1592
530 529
531 93
531 972
532 94
532 973
533 276
533 608
534 455
534 771
535 726
535 2513
536 78
536 8
537 2586
537 1492
538 544
538 165
539 61
539 462
540 541
540 2183
541 540
541 1443
542 543
542 2168
543 542
543 2168
544 165
544 538
545 144
545 52
546 146
546 53
547 548
547 2536
548 621
548 1330
549 813
549 159
550 252
550 553
551 1055
551 253
552 554
552 553
553 550
553 552
554 553
554 552
555 1242
555 645
556 1709
556 558
557 556
557 558
558 557
558 556
559 1020
559 563
560 561
560 563
561 563
561 562
562 561
562 563
563 560
563 562
564 565
564 563
565 9
565 563
566 313
566 302
567 1030
567 418
568 569
568 273
569 298
569 570
570 275
570 569
571 114
571 185
572 186
572 839
573 74
573 958
574 2192
574 1414
575 890
575 763
576 17
576 579
577 182
577 18
578 576
578 579
579 576
579 578
580 401
580 438
581 784
581 707
582 766
582 585
583 820
583 1020
584 851
584 654
585 655
585 582
586 347
586 768
587 817
587 149
588 737
588 314
589 738
589 315
590 740
590 317
591 741
591 318
592 742
592 319
593 437
593 143
594 616
594 496
595 860
595 455
596 600
596 597
597 598
597 596
598 344
598 454
599 237
599 741
600 597
600 596
601 11
601 447
602 1754
602 1693
603 666
603 1328
604 668
604 1329
605 686
605 896
606 1023
606 824
607 430
607 177
608 651
608 1054
609 654
609 1056
610 655
610 1057
611 635
611 1058
612 768
612 347
613 72
613 810
614 868
614 404
615 1686
615 614
616 496
616 341
617 778
617 731
618 617
618 732
619 1330
619 765
620 481
620 67
621 809
621 727
622 476
622 892
623 631
623 320
624 276
624 608
625 253
625 807
626 106
626 255
627 1314
627 70
628 609
628 321
629 745
629 260
630 612
630 322
631 810
631 613
632 449
632 415
633 321
633 609
634 818
634 416
635 452
635 611
636 934
636 664
637 220
637 808
638 1082
638 215
639 648
639 1066
640 32
640 1067
641 1562
641 1284
642 2391
642 1800
643 945
643 1663
644 714
644 1241
645 2521
645 1242
646 958
646 835
647 283
647 836
648 639
648 576
649 1248
649 293
650 523
650 655
651 276
651 608
652 114
652 807
653 133
653 221
654 116
654 609
655 610
655 650
656 612
656 525
657 810
657 613
658 1349
658 2276
659 459
659 658
660 668
660 2286
661 660
661 392
662 64
662 708
663 382
663 950
664 934
664 636
665 1329
665 668
666 450
666 1328
667 321
667 349
668 1329
668 665
669 667
669 259
670 1521
670 2027
671 1123
671 82
672 1124
672 83
673 1125
673 84
674 687
674 433
675 1875
675 676
676 1920
676 675
677 287
677 808
678 1306
678 63
679 2150
679 1788
680 2563
680 931
681 2461
681 2317
682 684
682 683
683 684
683 747
684 682
684 683
685 2159
685 361
686 605
686 358
687 474
687 463
688 2242
688 982
689 2308
689 1234
690 1213
690 33
691 936
691 148
692 269
692 304
693 1824
693 692
694 622
694 420
695 382
695 420
696 11
696 428
697 1098
697 700
698 1099
698 701
699 164
699 1100
700 1101
700 697
701 339
701 1102
702 703
702 1343
703 702
703 911
704 475
704 912
705 772
705 458
706 1343
706 702
707 929
707 10
708 171
708 709
709 65
709 708
710 623
710 711
711 624
711 710
712 802
712 621
713 19
713 1240
714 644
714 1241
715 717
715 52
716 57
716 773
717 716
717 715
718 715
718 717
719 720
719 2174
720 825
720 1421
721 750
721 1040
722 751
722 1047
723 880
723 884
724 576
724 17
725 2261
725 726
726 1050
726 535
727 621
727 809
728 498
728 458
729 152
729 288
730 599
730 2145
731 732
731 617
732 731
732 618
733 731
733 732
734 57
734 145
735 736
735 2
736 735
736 1472
737 20
737 387
738 21
738 388
739 88
739 22
740 236
740 389
741 237
741 390
742 25
742 391
743 767
743 524
744 223
744 655
745 629
745 260
746 347
746 525
747 1806
747 683
748 496
748 241
749 455
749 771
750 415
750 966
751 416
751 970
752 561
752 290
753 767
753 1000
754 809
754 727
755 754
755 2610
756 240
756 75
757 883
757 862
758 960
758 20
759 961
759 21
760 963
760 23
761 964
761 24
762 965
762 25
763 1248
763 575
764 851
764 654
765 619
765 1330
766 650
766 523
767 743
767 524
768 525
768 347
769 2142
769 770
770 2142
770 769
771 455
771 860
772 476
772 867
773 875
773 57
774 2640
774 58
775 421
775 473
776 1987
776 230
777 560
777 2126
778 898
778 1127
779 900
779 1128
780 867
780 498
781 429
781 955
782 1307
782 783
783 1308
783 782
784 870
784 10
785 601
785 447
786 1390
786 2140
787 607
787 430
788 607
788 787
789 787
789 788
790 220
790 287
791 455
791 242
792 793
792 314
793 792
793 315
794 739
794 316
795 740
795 317
796 741
796 318
797 742
797 319
798 799
798 800
799 801
799 800
800 801
800 799
801 799
801 800
802 621
802 36
803 2540
803 92
804 1024
804 805
805 1783
805 1027
806 1041
806 610
807 219
807 69
808 277
808 873
809 727
809 279
810 72
810 613
811 168
811 991
812 499
812 1335
813 549
813 159
814 813
814 850
815 68
815 1642
816 880
816 632
817 864
817 822
818 469
818 634
819 611
819 635
820 999
820 583
821 2028
821 174
822 817
822 149
823 474
823 825
824 606
824 1023
825 827
825 823
826 830
826 827
827 830
827 826
828 1213
828 2228
829 827
829 903
830 826
830 827
831 2226
831 827
832 827
832 833
833 827
833 832
834 1797
834 2365
835 958
835 646
836 959
836 647
837 1485
837 947
838 1485
838 410
839 72
839 858
840 1538
840 1294
841 1538
841 2378
842 504
842 1330
843 441
843 349
844 1054
844 1042
845 1000
845 767
846 844
846 847
847 1063
847 846
848 421
848 1522
849 2263
849 850
850 814
850 849
851 1292
851 764
852 347
852 768
853 640
853 1300
854 862
854 129
855 2302
855 856
856 2302
856 855
857 1055
857 69
858 72
858 839
859 186
859 227
860 771
860 595
861 1055
861 465
862 429
862 229
863 613
863 467
864 152
864 167
865 794
865 316
866 795
866 317
867 772
867 476
868 869
868 920
869 920
869 868
870 10
870 784
871 326
871 497
872 568
872 273
873 277
873 808
874 1994
874 976
875 57
875 773
876 875
876 993
877 875
877 876
878 2451
878 2476
879 437
879 951
880 816
880 723
881 130
881 137
882 890
882 1257
883 493
883 757
884 285
884 723
885 888
885 889
886 885
886 888
887 885
887 626
888 886
888 885
889 630
889 885
890 1257
890 882
891 1156
891 244
892 476
892 622
893 1653
893 1861
894 895
894 2428
895 894
895 2428
896 686
896 605
897 613
897 2438
898 1023
898 902
899 902
899 901
900 903
900 902
901 902
901 899
902 901
902 900
903 900
903 902
904 1346
904 2651
905 2056
905 1706
906 694
906 498
907 2637
907 1685
908 1760
908 1962
909 2583
909 1550
910 455
910 860
911 2269
911 703
912 475
912 704
913 772
913 705
914 1034
914 1028
915 384
915 2097
916 918
916 919
917 918
917 1606
918 914
918 919
919 916
919 1747
920 666
920 868
921 56
921 324
922 2018
922 300
923 517
923 1015
924 312
924 301
925 924
925 1017
926 313
926 302
927 925
927 522
928 1660
928 1728
929 707
929 10
930 2190
930 929
931 2239
931 680
932 62
932 933
933 2227
933 932
934 636
934 664
935 2555
935 1783
936 691
936 148
937 970
937 150
938 1276
938 1252
939 940
939 1977
940 1977
940 939
941 434
941 398
942 943
942 944
943 942
943 944
944 943
944 942
945 1663
945 643
946 2548
946 947
947 837
947 946
948 12
948 455
949 2658
949 2624
950 663
950 382
951 879
951 437
952 468
952 285
953 469
953 286
954 955
954 272
955 757
955 570
956 2058
956 1604
957 956
957 1604
958 74
958 835
959 647
959 836
960 20
960 758
961 21
961 759
962 739
962 22
963 23
963 760
964 24
964 761
965 25
965 762
966 750
966 439
967 517
967 767
968 441
968 395
969 442
969 396
970 751
970 443
971 1049
971 397
972 93
972 531
973 94
973 532
974 1498
974 973
975 995
975 1331
976 1838
976 1891
977 303
977 997
978 980
978 979
979 978
979 980
980 978
980 979
981 1519
981 13
982 981
982 688
983 1761
983 985
984 985
984 983
985 1612
985 983
986 952
986 880
987 986
987 953
988 636
988 674
989 1897
989 1865
990 1956
990 2625
991 811
991 992
992 284
992 991
993 876
993 994
994 1516
994 993
995 975
995 1331
996 307
996 308
997 419
997 977
998 1331
998 352
999 1020
999 1033
1000 753
1000 767
1001 768
1001 612
1002 165
1002 355
1003 162
1003 232
1004 38
1004 158
1005 881
1005 2568
1006 1009
1006 1862
1007 1006
1007 142
1008 1009
1008 128
1009 1862
1009 1006
1010 1006
1010 1862
1011 1006
1011 1009
1012 2133
1012 1013
1013 877
1013 1012
1014 1048
1014 162
1015 517
1015 923
1016 301
1016 312
1017 1016
1017 925
1018 1017
1018 201
1019 302
1019 313
1020 999
1020 583
1021 1022
1021 925
1022 26
1022 466
1023 606
1023 824
1024 177
1024 430
1025 1024
1025 901
1026 1025
1026 60
1027 1025
1027 805
1028 1034
1028 914
1029 74
1029 958
1030 418
1030 567
1031 12
1031 482
1032 40
1032 326
1033 480
1033 142
1034 1028
1034 1385
1035 1329
1035 1036
1036 757
1036 1035
1037 1486
1037 1465
1038 1036
1038 1039
1039 2584
1039 1035
1040 348
1040 439
1041 1310
1041 1046
1042 1311
1042 1328
1043 440
1043 394
1044 70
1044 1314
1045 441
1045 395
1046 396
1046 1041
1047 350
1047 443
1048 232
1048 444
1049 971
1049 397
1050 1477
1050 1051
1051 1477
1051 1050
1052 632
1052 415
1053 634
1053 416
1054 190
1054 608
1055 652
1055 807
1056 654
1056 609
1057 744
1057 610
1058 635
1058 611
1059 966
1059 439
1060 1061
1060 441
1061 2396
1061 1063
1062 970
1062 443
1063 2396
1063 1061
1064 232
1064 444
1065 2160
1065 2189
1066 336
1066 639
1067 32
1067 640
1068 462
1068 354
1069 2014
1069 1840
1070 1076
1070 1074
1071 1191
1071 80
1072 2066
1072 1076
1073 1076
1073 1072
1074 1072
1074 1076
1075 1073
1075 1076
1076 1072
1076 1074
1077 1074
1077 1076
1078 1073
1078 1076
1079 1074
1079 1076
1080 636
1080 1083
1081 808
1081 637
1082 1081
1082 638
1083 1082
1083 1080
1084 370
1084 480
1085 233
1085 481
1086 437
1086 879
1087 1091
1087 1088
1088 1089
1088 1091
1089 1091
1089 1088
1090 1091
1090 1088
1091 1089
1091 1088
1092 1091
1092 1871
1093 1096
1093 1097
1094 1299
1094 1096
1095 1708
1095 1096
1096 1094
1096 1095
1097 1096
1097 1093
1098 697
1098 1101
1099 1102
1099 2005
1100 236
1100 699
1101 700
1101 1098
1102 701
1102 1099
1103 896
1103 605
1104 1033
1104 1105
1105 1755
1105 1104
1106 1107
1106 1130
1107 166
1107 2647
1108 1107
1108 1106
1109 1001
1109 612
1110 1112
1110 495
1111 1112
1111 1110
1112 860
1112 595
1113 1121
1113 1119
1114 1119
1114 1113
1115 1119
1115 1113
1116 1119
1116 1113
1117 1118
1117 1113
1118 1119
1118 1113
1119 1121
1119 1113
1120 1119
1120 1113
1121 1119
1121 1113
1122 1191
1122 80
1123 82
1123 671
1124 83
1124 672
1125 84
1125 673
1126 129
1126 1746
1127 138
1127 778
1128 1127
1128 779
1129 864
1129 169
1130 495
1130 304
1131 1327
1131 1130
1132 1130
1132 1131
1133 2010
1133 865
1134 454
1134 598
1135 1144
1135 1141
1136 1141
1136 1135
1137 652
1137 114
1138 133
1138 653
1139 115
1139 1135
1140 1141
1140 1135
1141 1144
1141 1135
1142 1141
1142 1140
1143 656
1143 1135
1144 1141
1144 1135
1145 429
1145 862
1146 2107
1146 605
1147 866
1147 598
1148 1721
1148 2060
1149 129
1149 429
1150 26
1150 129
1151 314
1151 1152
1152 1153
1152 1151
1153 1152
1153 317
1154 24
1154 318
1155 319
1155 1151
1156 244
1156 1811
1157 2192
1157 2348
1158 243
1158 1459
1159 1806
1159 432
1160 1161
1160 1162
1161 1162
1161 1160
1162 852
1162 1160
1163 455
1163 1265
1164 52
1164 144
1165 1176
1165 1172
1166 1172
1166 1165
1167 1172
1167 1165
1168 1172
1168 1165
1169 808
1169 220
1170 1165
1170 1177
1171 1172
1171 1165
1172 1176
1172 1165
1173 1172
1173 1165
1174 1172
1174 1171
1175 1172
1175 1165
1176 1172
1176 1165
1177 1172
1177 1170
1178 1181
1178 1180
1179 1178
1179 1181
1180 1181
1180 1178
1181 1178
1181 1179
1182 1799
1182 248
1183 1215
1183 1251
1184 1185
1184 1186
1185 1186
1185 1184
1186 1185
1186 1184
1187 1188
1187 1190
1188 1190
1188 1187
1189 1187
1189 160
1190 860
1190 514
1191 80
1191 1122
1192 671
1192 1123
1193 672
1193 1124
1194 673
1194 1125
1195 1206
1195 1202
1196 1202
1196 1195
1197 1202
1197 1195
1198 1202
1198 1195
1199 277
1199 808
1200 1195
1200 1207
1201 1202
1201 1195
1202 1206
1202 1195
1203 1202
1203 1195
1204 1202
1204 1201
1205 1202
1205 1195
1206 1202
1206 1195
1207 1202
1207 1200
1208 565
1208 2033
1209 122
1209 1210
1210 1211
1210 1209
1211 1209
1211 1210
1212 1440
1212 1415
1213 690
1213 2228
1214 1215
1214 2617
1215 1183
1215 1251
1216 1478
1216 2274
1217 1221
1217 1219
1218 1221
1218 1219
1219 1217
1219 1218
1220 1219
1220 1217
1221 1217
1221 1218
1222 2213
1222 1958
1223 1964
1223 1358
1224 482
1224 12
1225 1575
1225 2315
1226 1231
1226 1227
1227 1231
1227 1226
1228 1227
1228 1229
1229 1231
1229 1226
1230 1226
1230 1227
1231 1227
1231 1226
1232 17
1232 1233
1233 18
1233 1232
1234 2308
1234 2459
1235 973
1235 532
1236 26
1236 955
1237 474
1237 1916
1238 899
1238 2001
1239 2147
1239 2372
1240 19
1240 713
1241 714
1241 644
1242 555
1242 645
1243 428
1243 11
1244 2291
1244 1246
1245 1244
1245 2291
1246 1244
1246 2291
1247 1273
1247 15
1248 293
1248 763
1249 610
1249 374
1250 162
1250 16
1251 2251
1251 1183
1252 1276
1252 938
1253 2527
1253 2169
1254 939
1254 1255
1255 871
1255 1254
1256 1836
1256 248
1257 890
1257 882
1258 304
1258 269
1259 616
1259 270
1260 1261
1260 1258
1261 771
1261 455
1262 1830
1262 1963
1263 632
1263 1264
1264 634
1264 1263
1265 948
1265 342
1266 1267
1266 2600
1267 2600
1267 1266
1268 1269
1268 387
1269 1268
1269 388
1270 963
1270 389
1271 964
1271 390
1272 965
1272 391
1273 1247
1273 15
1274 1275
1274 1042
1275 32
1275 16
1276 1252
1276 33
1277 415
1277 632
1278 416
1278 634
1279 960
1279 1280
1280 1281
1280 1279
1281 236
1281 963
1282 237
1282 964
1283 1279
1283 965
1284 1285
1284 641
1285 1475
1285 502
1286 2606
1286 1867
1287 19
1287 952
1288 132
1288 652
1289 135
1289 654
1290 136
1290 656
1291 1293
1291 1292
1292 116
1292 1291
1293 852
1293 347
1294 1012
1294 840
1295 161
1295 242
1296 1247
1296 62
1297 445
1297 2351
1298 757
1298 862
1299 1094
1299 366
1300 640
1300 853
1301 925
1301 1932
1302 2322
1302 2515
1303 808
1303 637
1304 802
1304 1305
1305 853
1305 1304
1306 678
1306 63
1307 1308
1307 782
1308 1307
1308 783
1309 1310
1309 1316
1310 1309
1310 1316
1311 1328
1311 1042
1312 807
1312 1043
1313 255
1313 626
1314 1309
1314 1044
1315 1309
1315 321
1316 1310
1316 1309
1317 1316
1317 1315
1318 1316
1318 1309
1319 1049
1319 322
1320 1316
1320 1309
1321 228
1321 263
1322 1326
1322 2485
1323 809
1323 727
1324 2365
1324 231
1325 1354
1325 1965
1326 2490
1326 147
1327 515
1327 526
1328 252
1328 666
1329 257
1329 668
1330 619
1330 765
1331 995
1331 975
1332 835
1332 1480
1333 2639
1333 2385
1334 2537
1334 1994
1335 499
1335 812
1336 1361
1336 2141
1337 2362
1337 2386
1338 95
1338 2403
1339 1110
1339 2419
1340 2092
1340 2069
1341 1766
1341 1809
1342 2333
1342 1953
1343 703
1343 702
1344 1493
1344 1569
1345 2071
1345 206
1346 904
1346 2651
1347 1476
1347 2298
1348 2091
1348 2139
1349 2276
1349 658
1350 312
1350 2412
1351 2128
1351 1436
1352 2008
1352 2365
1353 690
1353 2105
1354 1325
1354 1965
1355 2499
1355 2417
1356 1350
1356 2185
1357 1321
1357 1823
1358 2114
1358 1223
1359 2112
1359 1357
1360 942
1360 944
1361 1336
1361 2141
1362 2555
1362 2091
1363 16
1363 15
1364 2433
1364 60
1365 2263
1365 1719
1366 1835
1366 607
1367 2293
1367 1951
1368 1940
1368 1520
1369 1135
1369 2098
1370 1637
1370 2163
1371 1965
1371 1482
1372 2100
1372 1400
1373 279
1373 2338
1374 2201
1374 2580
1375 213
1375 2626
1376 2052
1376 2077
1377 1395
1377 1789
1378 2115
1378 2116
1379 2112
1379 2074
1380 869
1380 2459
1381 2082
1381 1743
1382 2431
1382 1416
1383 1417
1383 2165
1384 695
1384 461
1385 762
1385 1034
1386 2163
1386 1648
1387 858
1387 6
1388 336
1388 1458
1389 2338
1389 1777
1390 2140
1390 786
1391 755
1391 691
1392 1329
1392 2556
1393 1665
1393 2470
1394 2300
1394 2435
1395 1377
1395 1733
1396 658
1396 2472
1397 1156
1397 1811
1398 2560
1398 1813
1399 2008
1399 1431
1400 2128
1400 1372
1401 1917
1401 2161
1402 2563
1402 2131
1403 2014
1403 1840
1404 452
1404 2480
1405 1819
1405 2136
1406 2107
1406 683
1407 307
1407 1272
1408 1679
1408 1439
1409 523
1409 1407
1410 2106
1410 1824
1411 1446
1411 2118
1412 942
1412 944
1413 497
1413 500
1414 1973
1414 574
1415 13
1415 2139
1416 1382
1416 2431
1417 1383
1417 2165
1418 2316
1418 2123
1419 1793
1419 775
1420 1836
1420 1256
1421 1412
1421 720
1422 1813
1422 2517
1423 2171
1423 1480
1424 1965
1424 1325
1425 2609
1425 2565
1426 1695
1426 2439
1427 1566
1427 1585
1428 907
1428 870
1429 779
1429 2367
1430 1976
1430 1765
1431 1731
1431 1399
1432 160
1432 2504
1433 243
1433 2011
1434 2450
1434 2104
1435 1987
1435 2153
1436 2128
1436 1351
1437 1211
1437 2156
1438 527
1438 529
1439 1992
1439 1408
1440 599
1440 2418
1441 2458
1441 2552
1442 959
1442 1947
1443 541
1443 1450
1444 1683
1444 2152
1445 74
1445 646
1446 1800
1446 642
1447 2011
1447 1600
1448 2423
1448 1707
1449 269
1449 2163
1450 541
1450 1443
1451 2067
1451 2438
1452 1479
1452 2229
1453 778
1453 1127
1454 1098
1454 1099
1455 181
1455 2494
1456 712
1456 1846
1457 2515
1457 2532
1458 175
1458 1388
1459 243
1459 1158
1460 2365
1460 1723
1461 1543
1461 1484
1462 2240
1462 2199
1463 2471
1463 2534
1464 555
1464 2214
1465 1486
1465 1037
1466 2043
1466 2310
1467 620
1467 2218
1468 2484
1468 1790
1469 1821
1469 2542
1470 1622
1470 2185
1471 2205
1471 2400
1472 735
1472 736
1473 1519
1473 13
1474 2005
1474 1099
1475 1285
1475 502
1476 2218
1476 2488
1477 1051
1477 1050
1478 1528
1478 2274
1479 2229
1479 2162
1480 1423
1480 1332
1481 1584
1481 1839
1482 2586
1482 1508
1483 2637
1483 1898
1484 1543
1484 1461
1485 837
1485 838
1486 1037
1486 2503
1487 2538
1487 2502
1488 2654
1488 307
1489 1904
1489 2236
1490 1291
1490 2273
1491 1521
1491 672
1492 537
1492 2586
1493 793
1493 797
1494 2576
1494 1552
1495 127
1495 2546
1496 2491
1496 1527
1497 1076
1497 2066
1498 973
1498 2165
1499 2287
1499 1566
1500 2288
1500 1530
1501 1113
1501 2224
1502 2635
1502 2442
1503 965
1503 2497
1504 1600
1504 2036
1505 1482
1505 1834
1506 1023
1506 606
1507 2295
1507 1356
1508 1482
1508 2586
1509 1591
1509 2619
1510 1818
1510 2321
1511 2301
1511 1548
1512 32
1512 16
1513 513
1513 1488
1514 2539
1514 2243
1515 1610
1515 2400
1516 994
1516 1523
1517 897
1517 2438
1518 1938
1518 1559
1519 2221
1519 13
1520 1940
1520 2596
1521 2027
1521 2646
1522 733
1522 848
1523 1516
1523 2186
1524 1794
1524 2633
1525 1832
1525 1561
1526 1881
1526 403
1527 489
1527 484
1528 2274
1528 1478
1529 1987
1529 2259
1530 2288
1530 1500
1531 1613
1531 920
1532 2457
1532 2056
1533 1890
1533 2479
1534 2343
1534 1472
1535 416
1535 350
1536 2074
1536 2236
1537 1630
1537 2290
1538 840
1538 2298
1539 1026
1539 2324
1540 1686
1540 2482
1541 1573
1541 2264
1542 47
1542 1867
1543 1461
1543 1484
1544 1193
1544 2209
1545 1142
1545 2450
1546 982
1546 1574
1547 1951
1547 2293
1548 2007
1548 1511
1549 2659
1549 2270
1550 2572
1550 909
1551 1236
1551 1583
1552 2576
1552 1494
1553 2556
1553 2219
1554 38
1554 506
1555 2094
1555 2595
1556 2332
1556 1581
1557 2547
1557 2631
1558 1963
1558 1582
1559 1959
1559 1518
1560 1729
1560 1522
1561 688
1561 1525
1562 1475
1562 2579
1563 1526
1563 1586
1564 2011
1564 2635
1565 240
1565 1502
1566 2287
1566 1499
1567 1524
1567 1794
1568 2259
1568 2644
1569 2011
1569 2654
1570 1440
1570 2213
1571 942
1571 943
1572 2285
1572 2004
1573 1775
1573 2264
1574 1546
1574 1300
1575 1225
1575 2315
1576 433
1576 2528
1577 1564
1577 1366
1578 1779
1578 308
1579 932
1579 579
1580 1965
1580 79
1581 2332
1581 1556
1582 1262
1582 1558
1583 1551
1583 2545
1584 1552
1584 2576
1585 1566
1585 1770
1586 473
1586 1563
1587 2288
1587 2284
1588 154
1588 527
1589 2324
1589 359
1590 808
1590 1712
1591 2619
1591 1509
1592 529
1592 154
1593 2654
1593 2294
1594 2335
1594 77
1595 2540
1595 2376
1596 1442
1596 2318
1597 1569
1597 1624
1598 1973
1598 2320
1599 1887
1599 2128
1600 1779
1600 2036
1601 60
1601 59
1602 1952
1602 2616
1603 1994
1603 2300
1604 2325
1604 1605
1605 1604
1605 2325
1606 1601
1606 917
1607 1155
1607 1826
1608 2140
1608 786
1609 1508
1609 1482
1610 2622
1610 1757
1611 1647
1611 503
1612 983
1612 1998
1613 459
1613 2353
1614 51
1614 1659
1615 1942
1615 1660
1616 2149
1616 1967
1617 859
1617 2370
1618 2134
1618 866
1619 2505
1619 2636
1620 2478
1620 1265
1621 1440
1621 2603
1622 1470
1622 2339
1623 714
1623 406
1624 1645
1624 1597
1625 2011
1625 2340
1626 2202
1626 1854
1627 2648
1627 2000
1628 2312
1628 1829
1629 2652
1629 1628
1630 2316
1630 1537
1631 434
1631 2585
1632 2346
1632 2296
1633 1260
1633 1258
1634 726
1634 2326
1635 1610
1635 2355
1636 253
1636 440
1637 1648
1637 2163
1638 777
1638 2126
1639 2368
1639 2327
1640 1985
1640 2364
1641 2599
1641 2530
1642 2438
1642 611
1643 2051
1643 1482
1644 1460
1644 2182
1645 1624
1645 1597
1646 4
1646 2377
1647 1703
1647 184
1648 1637
1648 2163
1649 1279
1649 1283
1650 1603
1650 2352
1651 1680
1651 1710
1652 799
1652 800
1653 1680
1653 893
1654 651
1654 608
1655 2352
1655 1067
1656 556
1656 558
1657 2353
1657 1613
1658 1994
1658 1685
1659 1614
1659 171
1660 1942
1660 1615
1661 1090
1661 1088
1662 1693
1662 1754
1663 287
1663 643
1664 2245
1664 2408
1665 1393
1665 2392
1666 1798
1666 2017
1667 1994
1667 783
1668 2394
1668 1076
1669 897
1669 2438
1670 457
1670 1700
1671 1219
1671 1217
1672 456
1672 2374
1673 1762
1673 2449
1674 2406
1674 2580
1675 393
1675 357
1676 1478
1676 2274
1677 1885
1677 7
1678 1928
1678 1975
1679 2329
1679 1709
1680 1710
1680 1653
1681 2038
1681 1637
1682 1713
1682 2430
1683 816
1683 819
1684 2215
1684 340
1685 1898
1685 2637
1686 2482
1686 1540
1687 2086
1687 2359
1688 2046
1688 1751
1689 307
1689 308
1690 1488
1690 1717
1691 1717
1691 1718
1692 2629
1692 2464
1693 1754
1693 602
1694 1994
1694 1345
1695 2439
1695 1426
1696 1370
1696 1109
1697 2241
1697 2654
1698 2074
1698 1164
1699 2307
1699 762
1700 2411
1700 1670
1701 1702
1701 1770
1702 1701
1702 1770
1703 2441
1703 325
1704 308
1704 2082
1705 2254
1705 1977
1706 2056
1706 2447
1707 2423
1707 1448
1708 1095
1708 1096
1709 1679
1709 556
1710 1680
1710 1651
1711 2195
1711 87
1712 1791
1712 1440
1713 1682
1713 2430
1714 2282
1714 1741
1715 2014
1715 1987
1716 856
1716 2402
1717 1690
1717 1718
1718 1691
1718 1717
1719 2263
1719 1365
1720 1813
1720 1776
1721 2310
1721 2120
1722 411
1722 412
1723 1224
1723 1460
1724 2662
1724 17
1725 1322
1725 2501
1726 1757
1726 2473
1727 2443
1727 1761
1728 928
1728 2445
1729 1880
1729 85
1730 427
1730 2493
1731 1431
1731 2506
1732 2029
1732 2591
1733 1377
1733 1395
1734 2454
1734 2416
1735 2454
1735 2416
1736 2128
1736 2365
1737 346
1737 345
1738 1238
1738 1128
1739 1300
1739 1799
1740 1729
1740 2494
1741 2282
1741 1714
1742 307
1742 143
1743 1597
1743 1381
1744 1533
1744 246
1745 1773
1745 2424
1746 51
1746 1126
1747 2088
1747 919
1748 1776
1748 1807
1749 2027
1749 2646
1750 1152
1750 1155
1751 376
1751 1688
1752 2073
1752 2468
1753 1032
1753 2434
1754 1662
1754 602
1755 1105
1755 1104
1756 2655
1756 2629
1757 1515
1757 1610
1758 1961
1758 1612
1759 2365
1759 1782
1760 1431
1760 908
1761 2478
1761 1727
1762 2560
1762 1813
1763 332
1763 327
1764 1778
1764 1917
1765 1976
1765 1430
1766 938
1766 1966
1767 949
1767 2522
1768 1330
1768 504
1769 499
1769 2453
1770 1701
1770 1702
1771 1987
1771 2087
1772 1329
1772 251
1773 2424
1773 2462
1774 1972
1774 2509
1775 1573
1775 2314
1776 1748
1776 2464
1777 1721
1777 1389
1778 1764
1778 1917
1779 1600
1779 2493
1780 1838
1780 2613
1781 1994
1781 2466
1782 2096
1782 1759
1783 805
1783 1069
1784 2135
1784 1842
1785 1957
1785 2326
1786 484
1786 489
1787 1619
1787 2505
1788 2150
1788 679
1789 1395
1789 1377
1790 2484
1790 1468
1791 832
1791 2595
1792 812
1792 2483
1793 2112
1793 2549
1794 2633
1794 1524
1795 2343
1795 1845
1796 154
1796 1592
1797 495
1797 2365
1798 2399
1798 1442
1799 1182
1799 1739
1800 2391
1800 642
1801 2512
1801 2493
1802 1994
1802 2195
1803 2195
1803 2518
1804 887
1804 255
1805 1388
1805 1863
1806 1159
1806 683
1807 2554
1807 1748
1808 1860
1808 1837
1809 2491
1809 460
1810 1473
1810 13
1811 1397
1811 1156
1812 1592
1812 154
1813 1398
1813 2560
1814 2440
1814 1163
1815 2607
1815 81
1816 2246
1816 2535
1817 1967
1817 1849
1818 248
1818 1510
1819 1445
1819 2545
1820 2510
1820 1149
1821 1271
1821 1269
1822 2365
1822 77
1823 1359
1823 1357
1824 692
1824 1410
1825 293
1825 840
1826 1152
1826 1607
1827 1911
1827 1550
1828 2336
1828 1829
1829 1628
1829 1263
1830 1262
1830 2110
1831 275
1831 274
1832 2559
1832 2523
1833 1893
1833 2609
1834 2658
1834 1505
1835 1922
1835 1895
1836 1420
1836 1256
1837 1860
1837 1808
1838 2613
1838 1780
1839 1481
1839 1482
1840 2014
1840 1403
1841 1865
1841 1897
1842 2492
1842 2531
1843 2113
1843 2083
1844 1213
1844 2471
1845 1795
1845 2095
1846 1436
1846 1763
1847 2086
1847 2485
1848 1185
1848 1184
1849 2175
1849 1874
1850 710
1850 2510
1851 172
1851 171
1852 1466
1852 1880
1853 1701
1853 1499
1854 950
1854 1626
1855 1916
1855 1856
1856 1895
1856 1855
1857 1233
1857 1232
1858 2443
1858 2100
1859 1948
1859 1891
1860 1837
1860 1808
1861 1653
1861 893
1862 1009
1862 1006
1863 1805
1863 2559
1864 2650
1864 1901
1865 1841
1865 1897
1866 1994
1866 1898
1867 2606
1867 1286
1868 2231
1868 1905
1869 2615
1869 2590
1870 2565
1870 2589
1871 1091
1871 1092
1872 2270
1872 2594
1873 2204
1873 166
1874 2175
1874 1849
1875 676
1875 675
1876 2227
1876 2211
1877 60
1877 1364
1878 2571
1878 1914
1879 762
1879 1913
1880 1729
1880 1852
1881 1526
1881 403
1882 545
1882 546
1883 57
1883 875
1884 2577
1884 1889
1885 724
1885 2638
1886 1925
1886 1508
1887 842
1887 2365
1888 1296
1888 881
1889 1884
1889 2582
1890 1124
1890 2479
1891 1859
1891 1948
1892 2649
1892 1947
1893 1833
1893 2039
1894 1201
1894 1204
1895 1922
1895 1835
1896 2166
1896 2611
1897 1841
1897 1865
1898 2637
1898 1685
1899 1618
1899 2380
1900 2381
1900 2365
1901 1864
1901 2650
1902 1414
1902 1952
1903 702
1903 1762
1904 1489
1904 1936
1905 990
1905 1868
1906 1956
1906 2656
1907 2307
1907 1699
1908 2559
1908 2632
1909 1964
1909 2389
1910 1960
1910 127
1911 2635
1911 1564
1912 1770
1912 1350
1913 1813
1913 1879
1914 418
1914 1878
1915 2492
1915 1945
1916 1855
1916 1237
1917 2555
1917 1778
1918 1363
1918 2250
1919 2634
1919 1988
1920 2011
1920 676
1921 2605
1921 1006
1922 1835
1922 1895
1923 1891
1923 1306
1924 2011
1924 2645
1925 1508
1925 170
1926 2197
1926 2614
1927 349
1927 2409
1928 1678
1928 1975
1929 1713
1929 2612
1930 1739
1930 1300
1931 2316
1931 2621
1932 2591
1932 1301
1933 738
1933 2235
1934 156
1934 2245
1935 1906
1935 2625
1936 1365
1936 1904
1937 1951
1937 1547
1938 1518
1938 1959
1939 1648
1939 1983
1940 2630
1940 1520
1941 2466
1941 351
1942 1660
1942 1615
1943 1986
1943 2663
1944 2307
1944 2011
1945 1766
1945 1915
1946 2415
1946 2029
1947 1892
1947 2649
1948 1859
1948 1891
1949 430
1949 2307
1950 578
1950 2652
1951 2293
1951 1547
1952 1602
1952 1902
1953 2333
1953 1342
1954 2011
1954 238
1955 2625
1955 1956
1956 2625
1956 1955
1957 1785
1957 2326
1958 1236
1958 1222
1959 1559
1959 1938
1960 2094
1960 127
1961 2263
1961 1612
1962 1760
1962 908
1963 1830
1963 1262
1964 2310
1964 2393
1965 1354
1965 1325
1966 938
1966 1766
1967 1817
1967 1616
1968 2274
1968 2635
1969 2049
1969 2022
1970 2018
1970 2026
1971 1155
1971 1607
1972 1774
1972 2509
1973 2320
1973 1598
1974 1922
1974 2002
1975 1928
1975 1678
1976 35
1976 38
1977 940
1977 939
1978 2008
1978 2365
1979 358
1979 2319
1980 1366
1980 2041
1981 1778
1981 1917
1982 1965
1982 1325
1983 212
1983 1939
1984 1522
1984 848
1985 619
1985 2350
1986 1943
1986 2663
1987 2381
1987 1715
1988 2634
1988 1919
1989 1737
1989 345
1990 713
1990 714
1991 2194
1991 1845
1992 1417
1992 1439
1993 1492
1993 2176
1994 2537
1994 2011
1995 2298
1995 2253
1996 2285
1996 325
1997 2375
1997 1999
1998 2365
1998 2310
1999 539
1999 1997
2000 2643
2000 1627
2001 445
2001 1238
2002 1974
2002 702
2003 1699
2003 1603
2004 2343
2004 1572
2005 1102
2005 1099
2006 2310
2006 2365
2007 2171
2007 385
2008 644
2008 2365
2009 2263
2009 505
2010 865
2010 1133
2011 2241
2011 2654
2012 1775
2012 2064
2013 1091
2013 1088
2014 1403
2014 1840
2015 2415
2015 1990
2016 1729
2016 729
2017 1492
2017 1620
2018 748
2018 300
2019 2264
2019 77
2020 2092
2020 2069
2021 406
2021 2093
2022 247
2022 1969
2023 1790
2023 1468
2024 802
2024 2067
2025 2236
2025 2369
2026 1221
2026 1217
2027 2646
2027 1521
2028 821
2028 174
2029 2572
2029 1946
2030 721
2030 2373
2031 2219
2031 403
2032 2352
2032 1066
2033 563
2033 1208
2034 540
2034 541
2035 648
2035 2412
2036 965
2036 1600
2037 2084
2037 2040
2038 1681
2038 2124
2039 155
2039 1893
2040 2037
2040 2084
2041 2082
2041 1980
2042 1994
2042 2630
2043 1466
2043 2065
2044 1489
2044 2236
2045 602
2045 1754
2046 2027
2046 671
2047 2586
2047 2255
2048 319
2048 2061
2049 247
2049 1969
2050 1642
2050 186
2051 1643
2051 2198
2052 1376
2052 2077
2053 248
2053 445
2054 303
2054 2080
2055 737
2055 742
2056 2447
2056 1706
2057 726
2057 1731
2058 1085
2058 1084
2059 2587
2059 797
2060 2538
2060 1148
2061 319
2061 2089
2062 803
2062 1681
2063 172
2063 171
2064 2093
2064 299
2065 1775
2065 2043
2066 1076
2066 1072
2067 2024
2067 2438
2068 2646
2068 1521
2069 1340
2069 2092
2070 2011
2070 742
2071 1345
2071 2388
2072 1674
2072 2406
2073 2468
2073 2429
2074 1379
2074 2627
2075 2365
2075 77
2076 541
2076 2482
2077 2052
2077 1376
2078 949
2078 2335
2079 920
2079 2241
2080 303
2080 2054
2081 2444
2081 2134
2082 1704
2082 660
2083 555
2083 1843
2084 2037
2084 2040
2085 2286
2085 2322
2086 1950
2086 2485
2087 2350
2087 1330
2088 2420
2088 1747
2089 593
2089 2061
2090 2313
2090 2297
2091 2124
2091 1362
2092 2020
2092 2069
2093 1559
2093 2021
2094 127
2094 1555
2095 1434
2095 1845
2096 1759
2096 1004
2097 915
2097 384
2098 323
2098 324
2099 2439
2099 2406
2100 2128
2100 1372
2101 223
2101 225
2102 501
2102 2078
2103 2309
2103 1150
2104 2450
2104 1434
2105 2042
2105 1353
2106 2220
2106 1410
2107 1406
2107 1146
2108 1994
2108 500
2109 545
2109 414
2110 1262
2110 1830
2111 664
2111 572
2112 775
2112 1793
2113 2316
2113 19
2114 1358
2114 2397
2115 1378
2115 2116
2116 2115
2116 1378
2117 573
2117 835
2118 1446
2118 1411
2119 994
2119 993
2120 2351
2120 1721
2121 2301
2121 1723
2122 1336
2122 2141
2123 141
2123 1418
2124 2091
2124 2038
2125 1522
2125 848
2126 1583
2126 777
2127 1953
2127 2333
2128 1400
2128 1372
2129 1046
2129 1048
2130 2336
2130 1242
2131 868
2131 869
2132 2157
2132 921
2133 1012
2133 2217
2134 2444
2134 2081
2135 2182
2135 1187
2136 2393
2136 1405
2137 141
2137 139
2138 1558
2138 1683
2139 2213
2139 1415
2140 1390
2140 786
2141 2122
2141 1361
2142 1786
2142 769
2143 2519
2143 2164
2144 1187
2144 2365
2145 494
2145 730
2146 2170
2146 1235
2147 1902
2147 1239
2148 2240
2148 1462
2149 1616
2149 1967
2150 679
2150 1788
2151 1988
2151 2498
2152 1444
2152 2177
2153 1887
2153 1435
2154 2011
2154 2195
2155 947
2155 2548
2156 2449
2156 1437
2157 2132
2157 2180
2158 2187
2158 2249
2159 1964
2159 685
2160 1065
2160 2189
2161 1917
2161 1401
2162 2229
2162 1479
2163 271
2163 1637
2164 2143
2164 2519
2165 1498
2165 1417
2166 1896
2166 2611
2167 2496
2167 1477
2168 543
2168 542
2169 1253
2169 2527
2170 1987
2170 2146
2171 385
2171 1423
2172 1466
2172 2202
2173 2605
2173 2196
2174 949
2174 719
2175 1849
2175 1874
2176 2365
2176 2354
2177 2152
2177 2586
2178 1462
2178 2240
2179 1795
2179 1515
2180 2216
2180 2157
2181 2051
2181 2184
2182 2064
2182 2218
2183 2133
2183 540
2184 1645
2184 2181
2185 1713
2185 1470
2186 1553
2186 1523
2187 2158
2187 2249
2188 2011
2188 177
2189 2160
2189 1065
2190 1274
2190 1275
2191 1859
2191 2258
2192 1157
2192 2348
2193 1569
2193 1344
2194 1991
2194 2349
2195 243
2195 2300
2196 391
2196 762
2197 2614
2197 1926
2198 2354
2198 2230
2199 2148
2199 1462
2200 171
2200 172
2201 2226
2201 2297
2202 2065
2202 2172
2203 77
2203 1483
2204 2020
2204 166
2205 1471
2205 2400
2206 886
2206 888
2207 1072
2207 2066
2208 947
2208 2548
2209 1193
2209 1544
2210 2420
2210 2234
2211 2227
2211 1876
2212 457
2212 2244
2213 2139
2213 1222
2214 2502
2214 1464
2215 184
2215 1630
2216 2157
2216 2180
2217 2188
2217 2133
2218 2182
2218 1467
2219 403
2219 1553
2220 291
2220 290
2221 1519
2221 13
2222 444
2222 871
2223 2276
2223 2411
2224 1534
2224 1501
2225 2195
2225 2311
2226 2313
2226 831
2227 1876
2227 2211
2228 690
2228 1213
2229 1479
2229 2162
2230 2381
2230 2198
2231 1955
2231 1868
2232 2198
2232 2230
2233 921
2233 323
2234 2420
2234 988
2235 87
2235 1933
2236 2263
2236 1489
2237 2442
2237 2337
2238 1521
2238 2646
2239 2201
2239 2297
2240 1462
2240 2178
2241 2011
2241 2654
2242 2221
2242 399
2243 2539
2243 1514
2244 151
2244 2212
2245 1664
2245 1934
2246 2304
2246 2328
2247 2498
2247 2436
2248 1519
2248 13
2249 2158
2249 2438
2250 2597
2250 1918
2251 1183
2251 1251
2252 2637
2252 1685
2253 1542
2253 1995
2254 426
2254 427
2255 1455
2255 2047
2256 1922
2256 2526
2257 510
2257 460
2258 2452
2258 2191
2259 1187
2259 1529
2260 2226
2260 2313
2261 96
2261 97
2262 2185
2262 1538
2263 849
2263 1365
2264 1541
2264 1573
2265 310
2265 307
2266 1600
2266 1994
2267 2449
2267 1903
2268 2464
2268 2643
2269 913
2269 911
2270 1549
2270 2659
2271 843
2271 2208
2272 2376
2272 481
2273 1489
2273 1490
2274 1528
2274 1478
2275 1580
2275 79
2276 1349
2276 658
2277 2613
2277 1780
2278 2078
2278 910
2279 2334
2279 1887
2280 1298
2280 1885
2281 1131
2281 1130
2282 401
2282 1714
2283 1242
2283 1482
2284 1587
2284 2288
2285 325
2285 1996
2286 661
2286 660
2287 1566
2287 1540
2288 1530
2288 2284
2289 1847
2289 2311
2290 2316
2290 1537
2291 1244
2291 1246
2292 1954
2292 2089
2293 1951
2293 1547
2294 2654
2294 1593
2295 1534
2295 2343
2296 1155
2296 2346
2297 2239
2297 2201
2298 2431
2298 1538
2299 2187
2299 2349
2300 1394
2300 1603
2301 1330
2301 842
2302 855
2302 856
2303 2657
2303 2491
2304 2246
2304 2355
2305 419
2305 418
2306 306
2306 2496
2307 2654
2307 2011
2308 2499
2308 1234
2309 2279
2309 1150
2310 2008
2310 2365
2311 2225
2311 2289
2312 1628
2312 1829
2313 2260
2313 2226
2314 1573
2314 1775
2315 1575
2315 1225
2316 1418
2316 1537
2317 2461
2317 681
2318 1978
2318 1596
2319 1979
2319 358
2320 1973
2320 1598
2321 1510
2321 2493
2322 2515
2322 2085
2323 1635
2323 1778
2324 1589
2324 1539
2325 1604
2325 1605
2326 1957
2326 1785
2327 870
2327 1639
2328 2304
2328 2246
2329 2350
2329 765
2330 1845
2330 158
2331 925
2331 1350
2332 2173
2332 1581
2333 1342
2333 2127
2334 842
2334 1887
2335 949
2335 2078
2336 1240
2336 1242
2337 1025
2337 1026
2338 599
2338 1373
2339 2185
2339 1622
2340 2645
2340 1625
2341 1782
2341 2347
2342 2548
2342 947
2343 864
2343 2004
2344 1388
2344 2395
2345 2212
2345 457
2346 1266
2346 2296
2347 532
2347 2341
2348 2192
2348 1157
2349 2187
2349 2299
2350 765
2350 2329
2351 2448
2351 1297
2352 1066
2352 1650
2353 459
2353 1613
2354 2198
2354 2381
2355 1813
2355 1635
2356 152
2356 864
2357 1624
2357 2522
2358 1624
2358 2661
2359 1967
2359 1687
2360 1442
2360 1334
2361 1948
2361 2059
2362 1337
2362 2386
2363 2462
2363 2398
2364 2204
2364 1640
2365 2008
2365 2310
2366 1018
2366 201
2367 779
2367 1429
2368 1739
2368 1639
2369 949
2369 2025
2370 2572
2370 1617
2371 2285
2371 2312
2372 1415
2372 1239
2373 721
2373 2030
2374 1418
2374 1672
2375 274
2375 272
2376 2180
2376 1595
2377 380
2377 4
2378 1889
2378 841
2379 1403
2379 2014
2380 1859
2380 1899
2381 2365
2381 2354
2382 839
2382 1721
2383 2419
2383 2461
2384 2094
2384 1657
2385 1848
2385 1333
2386 2362
2386 1337
2387 60
2387 1364
2388 1816
2388 2071
2389 2159
2389 1909
2390 1799
2390 1182
2391 1800
2391 642
2392 2470
2392 1665
2393 1559
2393 2545
2394 1497
2394 1072
2395 1863
2395 2344
2396 1063
2396 1061
2397 1818
2397 2114
2398 2239
2398 2363
2399 727
2399 2572
2400 1471
2400 1515
2401 947
2401 2548
2402 2345
2402 1716
2403 95
2403 1338
2404 573
2404 1011
2405 1210
2405 1211
2406 2439
2406 2099
2407 2277
2407 706
2408 2596
2408 1664
2409 2075
2409 1668
2410 666
2410 667
2411 2223
2411 658
2412 2035
2412 1350
2413 2414
2413 2481
2414 2481
2414 2413
2415 2460
2415 1946
2416 1735
2416 1734
2417 2436
2417 1355
2418 579
2418 1440
2419 1110
2419 1339
2420 1428
2420 907
2421 1489
2421 1904
2422 1326
2422 581
2423 1707
2423 1448
2424 1773
2424 2462
2425 685
2425 1964
2426 792
2426 797
2427 826
2427 827
2428 895
2428 894
2429 2468
2429 2073
2430 1713
2430 1682
2431 1382
2431 1416
2432 2655
2432 2629
2433 60
2433 1364
2434 658
2434 1753
2435 965
2435 1394
2436 2247
2436 2417
2437 1072
2437 1073
2438 1517
2438 897
2439 1695
2439 1426
2440 2365
2440 1814
2441 1703
2441 325
2442 1564
2442 1502
2443 2478
2443 1727
2444 2134
2444 2011
2445 117
2445 1728
2446 1862
2446 1006
2447 2056
2447 1706
2448 446
2448 2351
2449 2156
2449 1762
2450 2104
2450 1434
2451 878
2451 2446
2452 2413
2452 2481
2453 499
2453 1769
2454 1735
2454 2416
2455 2257
2455 1977
2456 2454
2456 2416
2457 430
2457 804
2458 555
2458 2552
2459 1380
2459 1234
2460 473
2460 421
2461 2317
2461 681
2462 2424
2462 1773
2463 2371
2463 2320
2464 1692
2464 1776
2465 1510
2465 248
2466 1941
2466 351
2467 1217
2467 507
2468 2429
2468 2073
2469 489
2469 491
2470 1665
2470 1393
2471 2534
2471 1844
2472 667
2472 1396
2473 5
2473 1726
2474 2276
2474 1349
2475 205
2475 200
2476 1887
2476 878
2477 1964
2477 1729
2478 1761
2478 1727
2479 1890
2479 1123
2480 1994
2480 1404
2481 2452
2481 2413
2482 1686
2482 1540
2483 812
2483 1792
2484 1468
2484 1790
2485 1847
2485 2086
2486 2553
2486 56
2487 911
2487 2269
2488 1476
2488 1017
2489 1959
2489 1559
2490 1326
2490 100
2491 2657
2491 2303
2492 893
2492 1842
2493 1730
2493 1779
2494 1729
2494 1455
2495 167
2495 2562
2496 2167
2496 2306
2497 2011
2497 1994
2498 2134
2498 2151
2499 1355
2499 2308
2500 735
2500 2
2501 1840
2501 1403
2502 2214
2502 2538
2503 1037
2503 1486
2504 1227
2504 1432
2505 1619
2505 1787
2506 1431
2506 1731
2507 2569
2507 2541
2508 629
2508 2368
2509 1774
2509 1972
2510 1820
2510 1850
2511 2316
2511 160
2512 446
2512 2493
2513 726
2513 535
2514 1326
2514 29
2515 2322
2515 1302
2516 1835
2516 2581
2517 2300
2517 1422
2518 2227
2518 2558
2519 1371
2519 2164
2520 64
2520 66
2521 1242
2521 645
2522 2661
2522 1767
2523 2227
2523 1832
2524 1713
2524 2572
2525 1455
2525 1254
2526 403
2526 996
2527 1253
2527 2169
2528 674
2528 1772
2529 2548
2529 949
2530 187
2530 1750
2531 2354
2531 1842
2532 2277
2532 1457
2533 1990
2533 714
2534 2471
2534 1463
2535 2328
2535 1816
2536 1650
2536 547
2537 1334
2537 1994
2538 1487
2538 2502
2539 2243
2539 1514
2540 92
2540 803
2541 2507
2541 2569
2542 1160
2542 1469
2543 1355
2543 1600
2544 2291
2544 1244
2545 1583
2545 2393
2546 2578
2546 1495
2547 2631
2547 1557
2548 946
2548 947
2549 249
2549 1793
2550 1003
2550 1538
2551 2600
2551 1155
2552 949
2552 2458
2553 56
2553 55
2554 858
2554 1807
2555 1917
2555 1362
2556 1553
2556 307
2557 1500
2557 1802
2558 2468
2558 2518
2559 1926
2559 1863
2560 1398
2560 1813
2561 426
2561 427
2562 2012
2562 2064
2563 2297
2563 2239
2564 239
2564 240
2565 1870
2565 2589
2566 2591
2566 28
2567 307
2567 2588
2568 1005
2568 163
2569 2507
2569 2541
2570 2399
2570 2593
2571 1914
2571 1878
2572 444
2572 1920
2573 1521
2573 2027
2574 1630
2574 2351
2575 2661
2575 876
2576 1552
2576 1584
2577 2602
2577 1884
2578 1495
2578 2546
2579 1475
2579 1562
2580 2131
2580 1674
2581 1593
2581 2516
2582 2365
2582 1889
2583 2171
2583 1891
2584 2268
2584 1039
2585 1631
2585 188
2586 1482
2586 1508
2587 1493
2587 797
2588 832
2588 2567
2589 2565
2589 1870
2590 2615
2590 1869
2591 2566
2591 1932
2592 768
2592 612
2593 1845
2593 2570
2594 2270
2594 1872
2595 1603
2595 1555
2596 1368
2596 1520
2597 1704
2597 1552
2598 507
2598 513
2599 1275
2599 1641
2600 1267
2600 1266
2601 1290
2601 1289
2602 2011
2602 742
2603 2195
2603 1621
2604 546
2604 506
2605 2637
2605 1921
2606 2288
2606 1530
2607 81
2607 1815
2608 818
2608 224
2609 1893
2609 1833
2610 2051
2610 2064
2611 2166
2611 1896
2612 2016
2612 1929
2613 1838
2613 1780
2614 2197
2614 1926
2615 2590
2615 1869
2616 1952
2616 1602
2617 1215
2617 1214
2618 2209
2618 1544
2619 2420
2619 1509
2620 2236
2620 1489
2621 141
2621 1931
2622 1267
2622 1266
2623 1998
2623 1612
2624 949
2624 2658
2625 1955
2625 1956
2626 213
2626 1375
2627 1800
2627 2074
2628 827
2628 825
2629 1756
2629 2655
2630 1520
2630 1940
2631 2547
2631 1557
2632 1508
2632 1908
2633 920
2633 1524
2634 1919
2634 1988
2635 2011
2635 1564
2636 2505
2636 1619
2637 1898
2637 1685
2638 189
2638 1885
2639 2242
2639 2587
2640 1110
2640 1112
2641 284
2641 992
2642 1192
2642 2209
2643 1627
2643 2000
2644 982
2644 1568
2645 2340
2645 1924
2646 2027
2646 1521
2647 634
2647 1107
2648 2000
2648 1627
2649 1892
2649 1947
2650 1864
2650 1901
2651 904
2651 1346
2652 1950
2652 578
2653 978
2653 980
2654 463
2654 2241
2655 1756
2655 2629
2656 1955
2656 1906
2657 2303
2657 2491
2658 1834
2658 2624
2659 1549
2659 2270
2660 1778
2660 2626
2661 1608
2661 2358
2662 1885
2662 1724
2663 1986
2663 1943
